person,0.6204128011067714,0.9359257450810186,0.054591064453126135,0.12814850983796297
person,0.7609163335959115,0.7380681864420576,0.06068561315536461,0.17113637288411393
person,0.784024930795034,0.5218981467352983,0.040384659767151256,0.1574999971742963
person,0.6122734677791603,0.5340120725278498,0.037776102224984245,0.13987382676866253
person,0.36827989701429925,0.6867129629629644,0.0414263304869318,0.1863888888888916
person,0.04525856304168703,0.8264301174305103,0.05683438682556149,0.17797018856472446
person,0.4109621659914647,0.4927779586226852,0.036403905550637695,0.1588885271990741
person,0.7735934448242195,0.3742462384259263,0.035938110351564016,0.14910011574074142
person,0.949747472484907,0.19679573059082167,0.029914866844814012,0.1189618315520083
person,0.8973947065869964,0.2073498987268522,0.0293719327052429,0.12826316550925992
person,0.9130989577372872,0.12000958739386584,0.03151041547457301,0.09127423844513909
person,0.8856836062669754,0.07096392855232161,0.026989228592978875,0.11813770953519878
person,0.850764596912596,0.06629504333307713,0.02143920087814332,0.10264578689763576
person,0.732037353515625,0.11022075688397477,0.018216959635416665,0.1235484292772088
person,0.6401716360847161,0.17689760561342727,0.02525700914859878,0.12268627025463233
person,0.6193046871821086,0.20027522993676444,0.02296640290154362,0.12364676581488694
person,0.4983140313227968,0.22759258976689126,0.02972335886955193,0.12703703138563302
person,0.5794931030273441,0.09212908709490775,0.02201314290364659,0.09759367766203772
person,0.3838393763105074,0.2827781394675926,0.030835897803306502,0.13166594328703704
person,0.312335510253907,0.3216207320601859,0.03241231282552235,0.12879557291666802
person,0.3093909470240277,0.22962764033564884,0.0248235607147213,0.08130027488426061
person,0.42933247884114584,0.13098137120847342,0.026751708984375,0.11736638825028017
person,0.45461584474643074,0.12487041967886466,0.02197521976629903,0.12075899618643302
person,0.5291533357103665,0.15742621527777845,0.02527037584781624,0.12199942129629765
person,0.4770705884893735,0.14170251752123444,0.02096450054645545,0.11565631301314787
person,0.38993744452794393,0.05221098511307429,0.020821340878804523,0.09127382207799639
person,0.2001493404308955,0.07490740740740875,0.023215347528457643,0.10444444444444714
person,0.12323951872189791,0.09323802736070556,0.033869174162545805,0.11092049916585017
person,0.062124263763427806,0.1768402996769658,0.025590161641438642,0.10998955479374639
person,0.1523957316080735,0.48706271701388926,0.03593770345052197,0.15402271412037105
person,0.1939066136876742,0.5275593143039293,0.028637608885765074,0.13604455453377914
person,0.2178236612081528,0.5497663738109448,0.03774510073661815,0.14859452424225986
person,0.23049259918928147,0.5096001526161477,0.028707284967104545,0.1095478891443323
person,0.2538629815181097,0.5364508282696759,0.029342987775802774,0.1226806640625
person,0.6913710530598962,0.05366339676468468,0.017153727213542424,0.09217199028862862
person,0.6733669252097607,0.08131268119812021,0.015326949377854504,0.06474594978049969
person,0.834385908683141,0.06699471932870438,0.020438077131907068,0.09823278356481617
