person,0.5683278401692708,0.5221207682291673,0.038865152994791666,0.14538809317129764
person,0.5572727642637318,0.9149806879559483,0.04256621389678183,0.17003858024691346
person,0.9003127034505212,0.930517578125,0.05656209309895909,0.13896484375
person,0.622906799316407,0.29774034288194445,0.02429056803385568,0.11748227719907407
person,0.3743200683593756,0.33059172453703706,0.029589029947917803,0.15085358796296297
person,0.12310038248697973,0.9579173900462963,0.0528617350260428,0.08416521990740741
person,0.39258850097656267,0.23889377170138923,0.03013549804687538,0.1309161603009266
person,0.8959508260091146,0.7857260923032418,0.05028584798177083,0.1703996672453724
person,0.9748537655671441,0.41977918836805656,0.03991586446762009,0.15507125289352056
person,0.9393082682291672,0.3117932581018522,0.0376334635416678,0.1411212384259266
person,0.9093702544768651,0.18515570746527812,0.03228217562039693,0.1300589554398155
person,0.903905748526256,0.10797941984953839,0.025207330385842396,0.09015227141203974
person,0.7296958305438352,0.0942592578464091,0.020015847285587068,0.12388888606318586
person,0.6000289190383183,0.05022435102513333,0.024186197916666666,0.10044870205026667
person,0.49327260335286477,0.4158727575231482,0.03553812662760455,0.14083839699074074
person,0.592303466796875,0.23915509259259293,0.028373209635416667,0.11187500000000068
person,0.3806364949544275,0.08728714554398283,0.024560343424479925,0.11672200520833603
person,0.309985656738282,0.5251721643518522,0.04357157389323068,0.15095196759259327
person,0.3134261067708337,0.4041956018518519,0.030856119791667424,0.11383101851851853
person,0.42558756530284825,0.10197337962962998,0.018541667064029828,0.11401620370370438
person,0.45804300944010473,0.1089098668981495,0.022038981119792803,0.11699508101852121
person,0.5307781982421876,0.33051649305555625,0.029797770182292044,0.1480410879629643
person,0.05747497558593769,0.15977631674872506,0.02536254882812538,0.10998955479374639
person,0.07920318603515662,0.8995515046296296,0.05051656087239659,0.20089699074074074
person,0.19226125081380208,0.5122459129050926,0.03266499837239583,0.14044596354166666
person,0.21894429485003097,0.5318822337962973,0.039609781106311935,0.14753182870370574
person,0.22706756591796876,0.49073423032407476,0.024510701497395832,0.11556857638889025
person,0.24777893066406306,0.521726707175926,0.02746297200520947,0.12011357060185186
person,0.6574535815914468,0.06222077546296398,0.012929624120393632,0.06741030092592795
person,0.8815594637393956,0.11974374276620371,0.028118927478789146,0.105419921875
person,0.5409153238932295,0.7213453052662048,0.030565185546875758,0.1500871672453724
person,0.8695958467324573,0.39433810763888927,0.036738080183664576,0.14410156250000067
person,0.3711458329359696,0.9028709114922414,0.05104166587193693,0.19425817136411247
person,0.6420394897460937,0.835878906250001,0.04769185384114583,0.19787181712963167
person,0.12026224772135473,0.09272189670138889,0.0336173502604178,0.09579535590277778
person,0.6903906250000006,0.05032407407407441,0.01880208333333447,0.10064814814814882
person,0.4878910311063123,0.12492620821352392,0.02390624841054129,0.1198524164270465
person,0.04016042073567784,0.6122139033564828,0.05801249186198068,0.1613129340277805
