person,0.5685341185331345,0.5196586914062508,0.038588012456893965,0.14664558015046442
person,0.5553528201941295,0.9169984129489336,0.04278867779356214,0.16600308641975253
person,0.901713528103299,0.9335777753665123,0.05683914749710711,0.13284444926697536
person,0.6227870076497404,0.29547554976851864,0.02405098470052221,0.11712297453703727
person,0.37431254065036823,0.327838107638889,0.029604085206986496,0.15036082175925947
person,0.12310038248697973,0.9595920138888889,0.0528617350260428,0.08081597222222223
person,0.3921759338378908,0.23644529441550968,0.02958563232421909,0.13060941116898234
person,0.8979364827473959,0.7919775390625011,0.05056453450520853,0.1716930700231502
person,0.9757768071059028,0.42226179437605316,0.039013109062656544,0.15466833043981676
person,0.9392550557454432,0.3143036390233925,0.03788572184244903,0.14146281913474784
person,0.9093702544768651,0.18652902560763931,0.03228217562039693,0.13042343026620412
person,0.9047964236934987,0.10823225925586956,0.024572014053661207,0.08964630381266506
person,0.7296429345011705,0.09407407280250903,0.01991005520025754,0.12387036782723784
person,0.5994756789434524,0.049404374379961286,0.024186197916666666,0.09880874875992257
person,0.4929114990234377,0.418581778490985,0.035499918619792105,0.14129159517641404
person,0.5924585469563801,0.24077662008780054,0.028171284993489584,0.11181712906448983
person,0.3804582722981775,0.08544728370949206,0.024500122070313247,0.11638321035879892
person,0.3096573791503913,0.5273927951388894,0.043259256998699355,0.1503440393518526
person,0.3129090270996098,0.4063547634548612,0.030786112467448785,0.11484602864583361
person,0.42558756530284825,0.10167883752893549,0.018541667064029828,0.1140126953125006
person,0.45805120841662134,0.10845869502314937,0.02187674951553446,0.11710112847222466
person,0.5304086914062502,0.3322148797776969,0.029713867187500517,0.14831105295817168
person,0.057370707213878804,0.1596273164395933,0.02557108565171594,0.11011111436066803
person,0.07825306538740828,0.9023000759548611,0.05138446736335822,0.19539984809027777
person,0.19223043823242192,0.5121310040509259,0.032726623535156145,0.14067621527777768
person,0.21894429485003097,0.5316477136965161,0.039609781106311935,0.14744531165229124
person,0.22706756591796876,0.49054966001157485,0.024510701497395832,0.11554882812500154
person,0.24774322505792032,0.5215448133680557,0.02753438305854902,0.12017621527777786
person,0.6569356169203914,0.0619267035590287,0.013268532017866146,0.06714659288194627
person,0.8824555395444238,0.12051936841894094,0.02780703449249143,0.10569274436102945
person,0.5405547180175785,0.7177776331018528,0.03098431396484441,0.15114843750000206
person,0.8685177421569823,0.3924225622106484,0.036514732360839255,0.14511783854166727
person,0.3718020829359696,0.8985283371254248,0.050666665871936856,0.19623961695918285
person,0.6426324971119562,0.8298188114872695,0.04724558504422494,0.1967697844328723
person,0.12152843221028699,0.09231807002314815,0.0321812133789073,0.09579535590277778
person,0.6895833028157557,0.05032407407407441,0.01929172770182414,0.10064814814814882
person,0.48794101077318114,0.126282313537598,0.02396458176771645,0.1199683307788983
person,0.04090453084309966,0.6144171368634272,0.05677427164713682,0.1613129340277805
