person,0.5689466752608616,0.5147345377604176,0.03803373138109845,0.14916055410879778
person,0.5515129320549249,0.9210338629349043,0.04323360558712258,0.15793209876543132
person,0.9045151774088543,0.939698169849537,0.057393256293403284,0.12060366030092592
person,0.6225474243164069,0.29094596354166696,0.02357181803385539,0.11640436921296358
person,0.37429748523235357,0.3223308738425929,0.029634195725123883,0.14937528935185249
person,0.12310038248697973,0.9629412615740741,0.0528617350260428,0.07411747685185185
person,0.39135079956054697,0.23154833984375053,0.028485900878906515,0.12999591290509369
person,0.9019077962239584,0.8044804325810196,0.05112190755208381,0.1742798755787058
person,0.9776228901834202,0.4272270063920463,0.03720759825272945,0.15386248553240914
person,0.9391486307779952,0.319324400866473,0.03839023844401126,0.14214598055239042
person,0.9093702544768651,0.18927566189236167,0.03228217562039693,0.13115237991898135
person,0.9065777740279839,0.10873793806853192,0.023301381389298943,0.0886343686139157
person,0.729537142415841,0.09370370271470889,0.019698471029598607,0.12383333135534184
person,0.5983691987537203,0.04776442108961717,0.024186197916666666,0.09552884217923434
person,0.4921892903645836,0.42399982042665857,0.035423502604167115,0.1421979915477608
person,0.5927687072753905,0.24401967507821576,0.027767435709635416,0.11170138719346814
person,0.38010182698567746,0.0817675600405105,0.02437967936197989,0.11570562065972471
person,0.30900082397461,0.5318340567129635,0.04263462320963658,0.1491281828703713
person,0.3118748677571619,0.41067308666088004,0.03064609781901139,0.11687604890046381
person,0.42558756530284825,0.10108975332754655,0.018541667064029828,0.11400567853009308
person,0.4580676063696547,0.1075563512731491,0.02155228630701777,0.11731322337963153
person,0.5296696777343753,0.33561165322197833,0.029546061197917337,0.1488509829485863
person,0.05716217046976103,0.15932931582132975,0.025988159298897053,0.11035423349451137
person,0.07635282409191158,0.9077972186053241,0.053120280345281504,0.1844055627893519
person,0.19216881306966163,0.5119011863425924,0.03284987386067675,0.14113671874999956
person,0.21894429485003097,0.5311786734969536,0.039609781106311935,0.1472722775494623
person,0.22706756591796876,0.490180519386575,0.024510701497395832,0.11550933159722397
person,0.24767181384563486,0.5211810257523148,0.02767720516522806,0.12030150462962981
person,0.6558996875782805,0.061338559751158116,0.013946347812810936,0.0666191767939829
person,0.8842476911544802,0.12207061972441538,0.027183248519896234,0.10623838933308838
person,0.5398335062662764,0.7106422887731493,0.031822570800781824,0.15327097800926143
person,0.8663615330060324,0.3885914713541669,0.03606803671518885,0.1471503906250005
person,0.3731145829359697,0.8898431883917917,0.04991666587193683,0.20020250814932392
person,0.6438185118436812,0.8176986219618064,0.04635304745038316,0.19456571903935355
person,0.12406080118815149,0.09151041666666668,0.029308939615886334,0.0957953559027778
person,0.6879686584472663,0.05032407407407441,0.020271016438803358,0.10064814814814882
person,0.4880409701069188,0.12899452418574622,0.024081248482066837,0.12020015948260192
person,0.042392751057943295,0.6188236038773163,0.054297831217449084,0.1613129340277805
