person,0.5691529536247253,0.5122724609375009,0.037756590843200634,0.15041804108796455
person,0.5495929879853226,0.9230515879278894,0.043456069483902834,0.15389660493827048
person,0.9059160020616321,0.9427583670910493,0.05767031069155142,0.11448326581790128
person,0.6224276326497401,0.28868117042824115,0.02333223470052192,0.11604506655092672
person,0.37428995752334626,0.3195772569444449,0.029649250984192577,0.14888252314814898
person,0.3909382324218751,0.229099862557871,0.027936035156250226,0.12968916377314935
person,0.9038934529622399,0.8107318793402787,0.05140059407552139,0.17557327835648348
person,0.9785459317221789,0.4297096124000429,0.0363048428477659,0.15345956307870523
person,0.9390954182942711,0.3218347817880133,0.038642496744792254,0.14248756126121176
person,0.9093702544768651,0.19064898003472283,0.03228217562039693,0.13151685474536995
person,0.9074684491952265,0.1089907774748631,0.022666065057117872,0.088128401014541
person,0.7294842463731761,0.09351851767080882,0.019592678944269082,0.12381481311939382
person,0.5978159586588542,0.04694444444444512,0.024186197916666666,0.09388888888889024
person,0.4918281860351565,0.42670884139449533,0.03538529459635467,0.1426511897334341
person,0.5929237874348958,0.2456412025734234,0.027565511067708333,0.11164351625795732
person,0.3799236043294274,0.07992769820601973,0.02431945800781327,0.11536682581018762
person,0.3086725463867193,0.5340546875000004,0.04232230631510519,0.1485202546296306
person,0.311357788085938,0.4128322482638895,0.030576090494792693,0.11789105902777886
person,0.42558756530284825,0.10079521122685207,0.018541667064029828,0.1140021701388893
person,0.4580758053461714,0.10710517939814897,0.02139005470275948,0.11741927083333495
person,0.529300170898438,0.33731003994411907,0.02946215820312581,0.14912094794379366
person,0.05705790209770214,0.159180315512198,0.026196696122487612,0.11047579306143303
person,0.07540270344416322,0.9105457899305557,0.05398818683624313,0.1789084201388889
person,0.19213800048828147,0.5117862774884256,0.032911499023437034,0.14136697048611055
person,0.21894429485003097,0.5309441533971724,0.039609781106311935,0.14718576049804785
person,0.22706756591796876,0.489995949074075,0.024510701497395832,0.11548958333333517
person,0.24763610823949211,0.5209991319444446,0.027748616218567553,0.12036414930555582
person,0.6553817229072252,0.06104448784722282,0.014285255710283214,0.06635546875000121
person,0.8851437669595084,0.1228462453771526,0.026871355533598637,0.10651121181911787
person,0.5394729003906251,0.7070746166087976,0.032241699218750475,0.15433224826389122
person,0.8652834284305574,0.38667592592592614,0.035844688892363766,0.14816666666666709
person,0.3737708329359697,0.885500614024975,0.04954166587193681,0.20218395374439463
person,0.6444115192095435,0.8116385271990748,0.04590677865346227,0.19346368634259406
person,0.12532698567708375,0.09110658998842594,0.027872802734375843,0.09579535590277778
person,0.6871613362630214,0.05032407407407441,0.020760660807292906,0.10064814814814882
person,0.4880909497737877,0.1303506295098203,0.024139581839242,0.12031607383445372
person,0.04313686116536511,0.6210268373842607,0.05305961100260523,0.1613129340277805
