person,0.569359231988589,0.5098103841145842,0.03747945030530294,0.15167552806713133
person,0.5476730439157204,0.9250693129208748,0.04367853338068315,0.14986111111110978
person,0.9073168267144099,0.9458185643325618,0.05794736508969933,0.10836287133487651
person,0.6223078409830733,0.28641637731481534,0.02309265136718845,0.1156857638888899
person,0.37428242981433896,0.3168236400462968,0.02966430624326127,0.14838975694444545
person,0.3905256652832032,0.2266513852719914,0.02738616943359394,0.12938241464120506
person,0.9058791097005212,0.816983326099538,0.05167928059895909,0.1768666811342613
person,0.9794689732609375,0.43219221840803945,0.035402087442802356,0.15305664062500146
person,0.9390422058105471,0.32434516270955355,0.038894755045573486,0.142829141970033
person,0.9093702544768651,0.19202229817708402,0.03228217562039693,0.1318813295717586
person,0.9083591243624691,0.10924361688119429,0.02203074872493668,0.08762243341516633
person,0.7294313503305114,0.09333333262690877,0.019486886858939557,0.1237962948834458
person,0.49146708170572945,0.42941786236233215,0.035347086588542236,0.1431043879191074
person,0.593078867594401,0.24726273006863098,0.02736358642578125,0.11158564532244647
person,0.37974538167317745,0.07808783637152895,0.02425923665364659,0.1150280309606505
person,0.3083442687988286,0.5362753182870376,0.042009989420573865,0.1479123263888899
person,0.3108407084147141,0.41499140986689886,0.030506083170574055,0.11890606915509394
person,0.42558756530284825,0.10050066912615759,0.018541667064029828,0.11399866174768553
person,0.4580840043226881,0.10665400752314882,0.021227823098501138,0.11752531828703838
person,0.5289306640625004,0.3390084266662598,0.02937825520833428,0.14939091293900103
person,0.05695363372564325,0.15903131520306624,0.02640523294607817,0.11059735262835468
person,0.07445258279641488,0.9132943612557871,0.054856093327204765,0.17341127748842594
person,0.19210718790690132,0.511671368634259,0.03297312418619735,0.14159722222222154
person,0.21894429485003097,0.5307096332973911,0.039609781106311935,0.14709924344663336
person,0.22706756591796876,0.4898113787615751,0.024510701497395832,0.11546983506944647
person,0.24760040263334937,0.5208172381365742,0.0278200272719071,0.12042679398148182
person,0.6548637582361697,0.06075041594328755,0.014624163607755728,0.06609176070601953
person,0.8860398427645364,0.12362187102988982,0.02655946254730092,0.10678403430514731
person,0.5391122945149741,0.7035069444444456,0.032660827636719125,0.15539351851852087
person,0.8642053238550824,0.38476038049768535,0.03562134106953844,0.14918294270833368
person,0.3744270829359697,0.8811580396581584,0.04916666587193674,0.20416539933946498
person,0.6450045265754061,0.8055784324363433,0.04546050985654138,0.19236165364583468
person,0.126593170166016,0.09070276331018519,0.026436665852865342,0.09579535590277778
person,0.6863540140787767,0.05032407407407441,0.021250305175782577,0.10064814814814882
person,0.4881409294406565,0.1317067348338944,0.024197915196417282,0.12043198818630556
person,0.04388097127278693,0.6232300708912051,0.051821390787761365,0.1613129340277805
