person,0.5695655103524526,0.5073483072916676,0.03720230976740524,0.15293301504629808
person,0.5457530998461181,0.9270870379138599,0.043900997277463404,0.14582561728394894
person,0.9087176513671876,0.9488787615740741,0.05822441948784748,0.10224247685185185
person,0.6221880493164067,0.28415158420138953,0.022853068033854975,0.11532646122685308
person,0.37427490210533165,0.31407002314814875,0.029679361502329964,0.14789699074074195
person,0.3901130981445313,0.22420290798611187,0.02683630371093765,0.12907566550926078
person,0.9078647664388025,0.8232347728587974,0.05195796712239679,0.17816008391203908
person,0.9803920147996962,0.434674824416036,0.03449933203783857,0.15265371817129755
person,0.9389889933268232,0.3268555436310938,0.03914701334635472,0.14317072267885422
person,0.9093702544768651,0.1933956163194452,0.03228217562039693,0.13224580439814723
person,0.9092497995297116,0.10949645628752545,0.02139543239275549,0.08711646581579166
person,0.7293784542878468,0.0931481475830087,0.01938109477361003,0.12377777664749777
person,0.4911059773763024,0.43212688333016896,0.0353088785807298,0.1435575861047807
person,0.5932339477539061,0.24888425756383858,0.027161661783854166,0.11152777438693562
person,0.3795671590169275,0.07624797453703819,0.024199015299479914,0.1146892361111134
person,0.30801599121093787,0.5384959490740747,0.041697672526042534,0.14730439814814922
person,0.31032362874349023,0.41715057146990825,0.030436075846355413,0.1199210792824091
person,0.42558756530284825,0.1002061270254631,0.018541667064029828,0.11399515335648175
person,0.4580922032992047,0.10620283564814868,0.021065591494242794,0.11763136574074183
person,0.528561157226563,0.3407068133884005,0.029294352213542752,0.14966087793420838
person,0.05684936535358436,0.15888231489393448,0.02661376976966873,0.11071891219527633
person,0.07350246214866654,0.9160429325810185,0.05572399981816639,0.16791413483796294
person,0.19207637532552116,0.5115564597800922,0.033034749348957664,0.14182747395833256
person,0.21894429485003097,0.5304751131976098,0.039609781106311935,0.14701272639521884
person,0.22706756591796876,0.4896268084490752,0.024510701497395832,0.11545008680555777
person,0.24756469702720665,0.520635344328704,0.027891438325246654,0.12048943865740783
person,0.6543457935651142,0.06045634403935227,0.014963071505228243,0.06582805266203785
person,0.8869359185695646,0.12439749668262705,0.026247569561003204,0.10705685679117675
person,0.5387516886393231,0.6999392722800938,0.033079956054687776,0.15645478877315055
person,0.8631272192796074,0.38284483506944456,0.03539799324671312,0.15019921875000028
person,0.3750833329359697,0.8768154652913418,0.04879166587193667,0.20614684493453536
person,0.6455975339412686,0.7995183376736118,0.04501424105962049,0.1912596209490753
person,0.12785935465494824,0.09029893663194444,0.025000528971354838,0.09579535590277778
person,0.6855466918945319,0.05032407407407441,0.021739949544272243,0.10064814814814882
person,0.48819090910752544,0.13306284015796851,0.024256248553592444,0.12054790253815736
person,0.04462508138020875,0.6254333043981495,0.0505831705729175,0.1613129340277805
