person,0.5697717887163163,0.5048862304687509,0.03692516922950742,0.15419050202546486
person,0.5438331557765158,0.9291047629068454,0.04412346117424371,0.14179012345678832
person,0.9101184760199653,0.9519389588155864,0.0585014738859955,0.0961220823688272
person,0.6220682576497399,0.2818867910879637,0.022613484700521505,0.11496715856481622
person,0.37426737439632435,0.31131640625000073,0.029694416761398657,0.14740422453703844
person,0.38970053100585944,0.22175443070023232,0.026286437988281362,0.1287689163773164
person,0.9098504231770839,0.8294862196180566,0.05223665364583437,0.17945348668981678
person,0.9813150563384548,0.4371574304240326,0.03359657663287502,0.15225079571759376
person,0.9389357808430991,0.3293659245526341,0.03939927164713571,0.14351230338767557
person,0.9093702544768651,0.19476893446180638,0.03228217562039693,0.13261027922453583
person,0.9101404746969542,0.10974929569385664,0.02076011606057442,0.08661049821641696
person,0.7293255582451819,0.09296296253910863,0.019275302688280503,0.12375925841154975
person,0.4907448730468753,0.4348359042980058,0.035270670572917356,0.144010784290454
person,0.5933890279134115,0.2505057850590462,0.026959737141927082,0.1114699034514248
person,0.37938893636067744,0.07440811270254742,0.02413879394531329,0.1143504412615763
person,0.3076877136230472,0.5407165798611117,0.04138535563151115,0.1466964699074085
person,0.3098065490722663,0.41930973307291763,0.030366068522136715,0.12093608940972408
person,0.42558756530284825,0.09991158492476862,0.018541667064029828,0.11399164496527799
person,0.4581004022757214,0.10575166377314855,0.020903359889984506,0.11773741319444525
person,0.5281916503906257,0.3424052001105412,0.02921044921875122,0.14993084292941572
person,0.056745096981525474,0.1587333145848027,0.02682230659325929,0.11084047176219798
person,0.07255234150091819,0.9187915039062501,0.056591906309128026,0.16241699218749997
person,0.192045562744141,0.5114415509259255,0.03309637451171795,0.14205772569444353
person,0.21894429485003097,0.5302405930978287,0.039609781106311935,0.1469262093438044
person,0.22706756591796876,0.4894422381365752,0.024510701497395832,0.11543033854166897
person,0.2475289914210639,0.5204534505208337,0.027962849378586143,0.12055208333333384
person,0.6538278288940589,0.06016227213541697,0.015301979402700519,0.06556434461805616
person,0.8878319943745926,0.12517312233536426,0.025935676574705604,0.10732967927720624
person,0.538391082763672,0.6963716001157421,0.033499084472656426,0.15751605902778035
person,0.8620491147041326,0.3809292896412038,0.03517464542388803,0.15121549479166688
person,0.3757395829359697,0.8724728909245252,0.04841666587193665,0.20812829052960607
person,0.646190541307131,0.7934582429108802,0.0445679722626996,0.19015758825231582
person,0.1291255391438805,0.0898951099537037,0.023564392089844347,0.09579535590277777
person,0.6847393697102871,0.05032407407407441,0.022229593912761796,0.10064814814814882
person,0.4882408887743942,0.13441894548204258,0.024314581910767668,0.12066381689000918
person,0.045369191487630564,0.6276365379050939,0.04934495035807364,0.1613129340277805
