person,0.5699780670801798,0.5024241536458344,0.03664802869160973,0.15544798900463147
person,0.5419132117069134,0.9311224878998308,0.0443459250710239,0.13775462962962773
person,0.911519300672743,0.9549991560570988,0.05877852828414364,0.09000168788580244
person,0.6219484659830732,0.27962199797453785,0.022373901367188153,0.11460785590277942
person,0.374259846687317,0.30856278935185266,0.02970947202046735,0.14691145833333494
person,0.3892879638671875,0.21930595341435272,0.025736572265625077,0.12846216724537216
person,0.9118360799153651,0.835737666377316,0.05251534016927207,0.18074688946759468
person,0.9822380978772135,0.4396400364320292,0.03269382122791147,0.15184787326388988
person,0.9388825683593751,0.33187630547417435,0.039651529947916944,0.1438538840964968
person,0.9093702544768651,0.19614225260416757,0.03228217562039693,0.13297475405092446
person,0.911031149864197,0.11000213510018782,0.020124799728393226,0.08610453061704229
person,0.7292726622025172,0.09277777749520856,0.019169510602951096,0.12374074017560178
person,0.49038376871744827,0.4375449252658426,0.0352324625651048,0.14446398247612746
person,0.5935441080729167,0.2521273125542538,0.0267578125,0.11141203251591394
person,0.3792107137044275,0.07256825086805663,0.024078572591146555,0.11401164641203919
person,0.3073594360351566,0.5429372106481488,0.04107303873697976,0.14608854166666793
person,0.3092894694010423,0.421468894675927,0.030296061197918018,0.12195109953703923
person,0.42558756530284825,0.09961704282407416,0.018541667064029828,0.11398813657407422
person,0.458108601252238,0.10530049189814843,0.020741128285726104,0.1178434606481487
person,0.5278221435546882,0.3441035868326819,0.029126546223959573,0.150200807924623
person,0.05664082860946659,0.15858431427567093,0.02703084341684985,0.11096203132911966
person,0.07160222085316983,0.9215400752314815,0.05745981280008968,0.15691984953703708
person,0.19201475016276087,0.5113266420717587,0.033157999674478265,0.14228797743055446
person,0.21894429485003097,0.5300060729980474,0.039609781106311935,0.1468396922923899
person,0.22706756591796876,0.4892576678240753,0.024510701497395832,0.11541059027778021
person,0.24749328581492117,0.5202715567129632,0.028034260431925695,0.12061472800925978
person,0.6533098642230034,0.059868200231481684,0.015640887300173035,0.06530063657407448
person,0.888728070179621,0.1259487479881015,0.025623783588408007,0.10760250176323569
person,0.538030476888021,0.6928039279513901,0.0339182128906252,0.15857732928240992
person,0.8609710101286576,0.379013744212963,0.03495129760106271,0.15223177083333347
person,0.3763958329359698,0.8681303165577087,0.04804166587193664,0.21010973612467645
person,0.6467835486729936,0.7873981481481487,0.04412170346577871,0.18905555555555656
person,0.13039172363281276,0.08949128327546298,0.022128255208333874,0.0957953559027778
person,0.6839320475260424,0.05032407407407441,0.022719238281251462,0.10064814814814882
person,0.48829086844126307,0.13577505080611665,0.02437291526794283,0.12077973124186099
person,0.046113301595052385,0.6298397714120384,0.04810673014322977,0.1613129340277805
