person,0.5701843454440434,0.49996207682291766,0.03637088815371191,0.15670547598379822
person,0.5399932676373111,0.9331402128928159,0.04456838896780416,0.13371913580246678
person,0.9129201253255208,0.9580593532986111,0.05905558268229166,0.08388129340277778
person,0.6218286743164064,0.27735720486111204,0.022134318033854683,0.11424855324074254
person,0.3742523189783097,0.30580917245370465,0.029724527279536044,0.14641869212963146
person,0.3888753967285156,0.21685747612847317,0.025186706542968788,0.1281554181134278
person,0.9138217366536465,0.841989113136575,0.05279402669270965,0.18204029224537238
person,0.9831611394159722,0.44212264244002575,0.031791065822947925,0.15144495081018614
person,0.9388293558756511,0.3343866863957146,0.03990378824869793,0.14419546480531814
person,0.9093702544768651,0.19751557074652873,0.03228217562039693,0.13333922887731306
person,0.9119218250314396,0.110254974506519,0.019489483396212155,0.0855985630176676
person,0.7292197661598524,0.09259259245130849,0.01906371851762157,0.12372222193965375
person,0.49002266438802117,0.44025394623367936,0.03519425455729236,0.14491718066180076
person,0.593699188232422,0.25374884004946147,0.026555887858072915,0.11135416158040312
person,0.37903249104817743,0.07072838903356586,0.024018351236979936,0.11367285156250209
person,0.3070311584472659,0.5451578414351858,0.040760721842448375,0.14548061342592722
person,0.3087723897298184,0.4236280562789364,0.03022605387369932,0.12296610966435421
person,0.42558756530284825,0.09932250072337968,0.018541667064029828,0.11398462818287045
person,0.4581168002287548,0.10484932002314828,0.02057889668146782,0.11794950810185212
person,0.5274526367187506,0.3458019735548226,0.029042643229168046,0.15047077291983038
person,0.056536560237407704,0.15843531396653918,0.027239380240440408,0.11108359089604132
person,0.07065210020542148,0.9242886465567131,0.05832771929105131,0.1514227068865741
person,0.19198393758138071,0.5112117332175921,0.033219624837238546,0.14251822916666543
person,0.21894429485003097,0.5297715528982662,0.039609781106311935,0.14675317524097548
person,0.22706756591796876,0.48907309751157535,0.024510701497395832,0.1153908420138914
person,0.24745758020877842,0.5200896629050928,0.028105671485265184,0.12067737268518579
person,0.652791899551948,0.05957412832754639,0.01597979519764531,0.0650369285300928
person,0.8896241459846491,0.1267243736408387,0.02531189060211041,0.10787532424926517
person,0.5376698710123697,0.6892362557870385,0.03433734130859385,0.15963859953703968
person,0.8598929055531827,0.3770981987847223,0.03472794977823762,0.15324804687500007
person,0.3770520829359698,0.863787742190892,0.047666665871936624,0.21209118171974714
person,0.6473765560388559,0.7813380533854171,0.04367543466885782,0.1879535228587971
person,0.13165790812174502,0.08908745659722223,0.020692118326823383,0.09579535590277778
person,0.6831247253417976,0.05032407407407441,0.023208882649741015,0.10064814814814882
person,0.48834084810813194,0.13713115613019078,0.02443124862511799,0.1208956455937128
person,0.0468574117024742,0.6320430049189829,0.046868509928385906,0.1613129340277805
