person,0.616161509911219,0.9027304687500012,0.050094015916187944,0.17868721064815027
person,0.7483217058976492,0.7395707167166262,0.04970591179529791,0.16332878875732235
person,0.7914322066307067,0.5482048611111114,0.042239413261413596,0.15925694444444502
person,0.6138159733613333,0.5023271456117988,0.034673613389333016,0.1327554196958199
person,0.3713004364569978,0.6401519097222222,0.039160117705662266,0.1793258101851852
person,0.05473958476384496,0.8331310763888892,0.059625002861022645,0.16440451388888952
person,0.40944840945579414,0.456906085230196,0.03291067163149499,0.14824544270833437
person,0.7823571505811482,0.39605452674897174,0.03677466719238716,0.14570987654321094
person,0.9528103841145835,0.2078044343171307,0.03137923177083396,0.11761335358796512
person,0.903534383138021,0.22162796585648284,0.031618733723958785,0.126003327546299
person,0.9178229574759806,0.13242365180121446,0.028958333571750452,0.09003133138020564
person,0.8896303141315772,0.07854137731481589,0.028041552742321348,0.12225057870370588
person,0.8531927086909614,0.06751756240703496,0.024302084048588787,0.10446293152703288
person,0.7311553130149845,0.10723195337366197,0.019122474988301975,0.1218221243399165
person,0.6395138142903651,0.16372214988425923,0.02499320475260518,0.1273705150462963
person,0.6210419076085092,0.1783261724401405,0.02302823253472681,0.11638469441731811
person,0.4967311859528227,0.23980088975694444,0.029552052895228737,0.12428710937500004
person,0.5800990395545961,0.1018931322450987,0.02278108692169217,0.09671884550871591
person,0.38490049262841497,0.263874529803241,0.029593872626621772,0.13588057002314868
person,0.31315258806943935,0.33409097855179426,0.03108048538366912,0.12823621057581072
person,0.31181279867887496,0.24201494118019382,0.025198676784833295,0.08221333143446086
person,0.42768655413389195,0.12392111290825798,0.02136757441361716,0.11763924549243947
person,0.45308516438802127,0.120036520074915,0.02173592122395913,0.12230719813594113
person,0.5306585083802541,0.17242516637731534,0.025296834468840974,0.12852003761574182
person,0.4814057596723247,0.12467166024667341,0.01942162676652437,0.10984187373408431
person,0.3908817575194619,0.04121772244642971,0.022581423123677582,0.08243544489285942
person,0.2095206092198695,0.06298075810185294,0.02539628028869553,0.10522366898148365
person,0.1374631350835163,0.0776919307002323,0.0301980800628659,0.11096835214120533
person,0.061661370277405474,0.1736520039593732,0.025667426427204047,0.10998955479374639
person,0.14874511623382566,0.5175794994212966,0.04100911267598463,0.1584687499999995
person,0.19389208793640136,0.5237263324878839,0.02995499293009439,0.1363184057165085
person,0.21865643310546923,0.5450515973126447,0.034791300455730166,0.14830197934751158
person,0.23042714309692405,0.5052555246706362,0.02451655832926424,0.1104191801283095
person,0.2525522715648022,0.5333468967013889,0.02612871305147942,0.1224598524305556
person,0.6894760747949289,0.04998210652669345,0.019320354342461953,0.09278322347005356
person,0.6710699636538827,0.07881080005787125,0.0128276714483885,0.06611914062500177
person,0.8382958792845411,0.06907229953342015,0.017831097761789275,0.10069740577980325
person,0.9790225589636599,0.6819482093066084,0.039881980202414624,0.1717769820601862
person,0.48312266548474647,0.03715408113267687,0.018641245683033957,0.07430816226535374
