person,0.5703906238079071,0.49750000000000105,0.03609374761581421,0.157962962962965
person,0.5380733235677089,0.9351579378858013,0.04479085286458447,0.12968364197530619
person,0.6217088826497398,0.2750924117476862,0.021894734700521213,0.11388925057870573
person,0.3742447912693024,0.3030555555555566,0.029739582538604734,0.14592592592592796
person,0.38846282958984374,0.21440899884259362,0.0246368408203125,0.1278486689814835
person,0.9158073933919278,0.8482405598958344,0.05307271321614735,0.18333369502315017
person,0.9840841809547309,0.4446052484480223,0.030888310417984382,0.15104202835648226
person,0.938776143391927,0.3368970673172549,0.040156046549479164,0.14453704551413937
person,0.9093702544768651,0.19888888888888992,0.03228217562039693,0.1337037037037017
person,0.9128125001986821,0.11050781391285017,0.018854167064030966,0.08509259541829292
person,0.7291668701171877,0.09240740740740842,0.018957926432292046,0.12370370370370573
person,0.4896615600585941,0.4429629672015162,0.03515604654947992,0.14537037884747406
person,0.5938542683919271,0.255370367544669,0.02635396321614583,0.11129629064489227
person,0.3788542683919275,0.06888852719907508,0.023958129882813258,0.113334056712965
person,0.3067028808593752,0.5473784722222229,0.040448404947917044,0.14487268518518653
person,0.3082553100585945,0.4257872178819458,0.030156046549480682,0.12398111979166937
person,0.42558756530284825,0.0990279586226852,0.018541667064029828,0.11398111979166667
person,0.4581249992052714,0.10439814814814816,0.020416665077209472,0.11805555555555557
person,0.5270831298828133,0.3475003602769633,0.028958740234376515,0.15074073791503773
person,0.056432291865348816,0.15828631365740742,0.027447917064030963,0.11120515046296296
person,0.06970197955767314,0.9270372178819445,0.059195625782012935,0.1459255642361111
person,0.19195312500000056,0.5110968243634253,0.03328124999999886,0.14274848090277645
person,0.21894429485003097,0.5295370327984849,0.039609781106311935,0.14666665818956096
person,0.22706756591796876,0.48888852719907544,0.024510701497395832,0.11537109375000269
person,0.2474218746026357,0.5199077690972226,0.028177082538604736,0.12074001736111178
person,0.6522739348808926,0.059280056423611116,0.016318703095117827,0.06477322048611112
person,0.8905202217896772,0.12749999929357594,0.024999997615812692,0.10814814673529462
person,0.5373092651367187,0.6856685836226866,0.0347564697265625,0.16069986979166936
person,0.8588148009777077,0.3751826533564815,0.0345046019554123,0.15426432291666667
person,0.3777083329359698,0.8594451678240754,0.047291665871936554,0.21407262731481752
person,0.6479695634047185,0.7752779586226856,0.04322916587193693,0.18685149016203773
person,0.13292409261067728,0.08868362991898149,0.01925598144531288,0.09579535590277778
person,0.6823174031575528,0.05032407407407441,0.02369852701823068,0.10064814814814882
person,0.4883908277750007,0.13848726145426488,0.024489581982293215,0.1210115599455646
person,0.04760152180989602,0.6342462384259273,0.04563028971354204,0.1613129340277805
