person,0.5700546256303789,0.48891661241319523,0.03645324540138285,0.1582408492476868
person,0.5346199951171876,0.9418671567940422,0.05007291666666695,0.1162651777856135
person,0.6217088826497398,0.2682591326678248,0.021894734700521213,0.11250025318287177
person,0.37310425794124624,0.29419439019097304,0.029426899671555044,0.1445371455439831
person,0.38736724853515625,0.2074788230613435,0.0246368408203125,0.12576457609953884
person,0.922898244222006,0.8625349663628481,0.053895100911459555,0.17277265986689982
person,0.9396743671496707,0.34607794796978897,0.03979673234621638,0.14712037799976282
person,0.9098091781338058,0.20136111195882272,0.032847522934278214,0.13187037206578917
person,0.9154999999006591,0.11160546995092235,0.019572916467984314,0.08289771652221506
person,0.7290497437119483,0.0920601860328964,0.019192423621813268,0.12439814984357056
person,0.4897631225585941,0.4523240783126275,0.0353591715494798,0.14775926773636253
person,0.595143300195535,0.26096758976689116,0.026869648893674263,0.11093517953378139
person,0.3779933675130212,0.06433308015046368,0.023958129882813258,0.11155606192129772
person,0.304332824766636,0.556331597646078,0.04034513358275108,0.1449664360328967
person,0.3071929015517238,0.4340093875461165,0.03071860746542677,0.1266478983561215
person,0.42558756530284825,0.09827790436921297,0.018541667064029828,0.11548122829861111
person,0.4575468743840853,0.10337009910300955,0.02051041543483739,0.11905609809027838
person,0.5252473144531256,0.3521808073255749,0.029317871093751138,0.1488796268039264
person,0.05578382378816627,0.15756452546296326,0.027838602979978377,0.11103761574074135
person,0.06781829253832522,0.9369856770833334,0.059865751743316195,0.1260286458333333
person,0.19184371960163163,0.5110968243634253,0.03349993920326142,0.14274848090277645
person,0.21894429485003097,0.5292871938634807,0.039609781106311935,0.14716698031955205
person,0.22690042114257836,0.48888852719907544,0.024844991048176633,0.11537109375000269
person,0.2474218746026357,0.519157877604167,0.028177082538604736,0.12073980034722274
person,0.6497181793550653,0.058068956163194546,0.016050942043463103,0.06536208767361132
person,0.8930752148230864,0.12873611082854208,0.024015623331068405,0.10695370313856109
person,0.538387451171875,0.6737707971643532,0.032600097656250014,0.16069986979166936
person,0.8566545834541325,0.36791160300925924,0.03480916690826312,0.15426432291666667
person,0.37964583293596976,0.841000560619214,0.046541665871936644,0.20785073061342807
person,0.6488599446217217,0.7586946252893526,0.043385416587192555,0.18618482349537166
person,0.13889803059895864,0.08670717592592594,0.0218081054687506,0.0957953559027778
person,0.6809347432454433,0.04926851851851906,0.021870096842449272,0.09853703703703812
person,0.4885407667756073,0.14255557742648714,0.024664582053818822,0.12135930300112002
person,0.050649464925130394,0.646343840422455,0.04562815348307329,0.16462055121528024
