person,0.5699426262378696,0.48605548321759345,0.03657307799657244,0.15833347800926076
person,0.5328645833333335,0.9442127722280997,0.05062500000000038,0.11157369260434752
person,0.6217088826497398,0.26598137297453767,0.021894734700521213,0.11203725405092713
person,0.3727240801652275,0.2912406684027785,0.029322672049205127,0.1440742187500015
person,0.3870020548502604,0.2051687644675935,0.0246368408203125,0.12506987847222395
person,0.9252618611653652,0.8672997685185193,0.05416923014323025,0.16925231481481642
person,0.9399737750689185,0.3491382415206337,0.039676960945128785,0.147981488828304
person,0.9099554860194526,0.202185186315467,0.03303597203890523,0.13125926151981834
person,0.9163958331346513,0.1119713552969464,0.01981249960263547,0.08216609022352242
person,0.7290107015768685,0.09194444557472572,0.019270589351653673,0.12462963189019219
person,0.48979697672526074,0.45544444868299794,0.03542687988281313,0.14855556403265877
person,0.5955729774634044,0.26283333050763186,0.027041544119517032,0.11081480916341106
person,0.3777064005533858,0.06281459780092653,0.023958129882813258,0.11096339699074195
person,0.3035428060690562,0.5593159727873631,0.04031070979436245,0.14499768631546664
person,0.30683876538276683,0.43675011076750675,0.030906127770742073,0.12753682454427223
person,0.42558756530284825,0.09802788628472223,0.018541667064029828,0.11598126446759259
person,0.4573541661103566,0.10302741608796337,0.020541665554046653,0.11938961226851932
person,0.5246353759765631,0.35374095634177877,0.029437581380209348,0.14825925643355597
person,0.05556766776243876,0.15732392939814857,0.027968831618627524,0.11098177083333416
person,0.06719039686520925,0.940301830150463,0.060089127063750615,0.11939633969907412
person,0.19180725113550864,0.5110968243634253,0.03357283560434894,0.14274848090277645
person,0.21894429485003097,0.5292039142184792,0.039609781106311935,0.1473337543628824
person,0.22684470621744823,0.48888852719907544,0.02495642089843688,0.11537109375000269
person,0.2474218746026357,0.5189079137731484,0.028177082538604736,0.12073972800925967
person,0.648866260846456,0.057665256076389025,0.01596168835957812,0.06555837673611138
person,0.893926879167556,0.12914814800686414,0.023687498569487056,0.10655555527298323
person,0.5387468465169271,0.6698048683449088,0.03188130696614581,0.16069986979166936
person,0.8559345109462742,0.3654879195601852,0.034910688559213435,0.15426432291666667
person,0.380291666269303,0.8348523582175936,0.04629166587193669,0.20577676504629822
person,0.6491567383607229,0.7531668475115748,0.04343750015894443,0.18596260127314965
person,0.1408893432617191,0.08604835792824075,0.02265881347656317,0.09579535590277778
person,0.6804738566080737,0.048916666666667274,0.02126062011718884,0.09783333333333455
person,0.48859074644247613,0.14391168275056124,0.024722915410993983,0.12147521735297187
person,0.051665445963541855,0.6503763744212976,0.045627441406250385,0.16572309027778018
