person,0.5698306268453601,0.48319435402199146,0.03669291059176203,0.15842610677083468
person,0.53275510152181,0.9463424495414453,0.05318720499674517,0.10731452871251956
person,0.6217088826497398,0.2637036132812505,0.021894734700521213,0.1115742549189825
person,0.37234390238920884,0.28828694661458404,0.02921844442685521,0.14361129195601988
person,0.38663686116536455,0.20285870587384344,0.0246368408203125,0.1243751808449091
person,0.9276254781087246,0.8720645706741906,0.054443359375000944,0.165731969762733
person,0.9402731829881664,0.35219853507147847,0.039557189544041194,0.1488425996568451
person,0.9101017939050995,0.20300926067211128,0.03322442114353237,0.13064815097384747
person,0.9172916663686436,0.11233724064297046,0.020052082737286505,0.0814344639248298
person,0.7289716594417887,0.09182870511655505,0.01934875508149408,0.1248611139368138
person,0.48983083089192736,0.4585648190533684,0.0354945882161464,0.14935186032895487
person,0.5960026547312737,0.26469907124837255,0.027213439345359802,0.11069443879304075
person,0.37741943359375035,0.061296115451389396,0.023958129882813258,0.1103707320601862
person,0.3027527873714765,0.562300347928648,0.04027628600597381,0.1450289365980367
person,0.30648462921381,0.439490833988897,0.031093648076057433,0.12842575073242288
person,0.42558756530284825,0.09777786820023149,0.018541667064029828,0.11648130063657408
person,0.4571614578366279,0.10268473307291717,0.02057291567325592,0.11972312644676028
person,0.5240234375000005,0.35530110535798265,0.029557291666667613,0.14763888606318554
person,0.05535151173671125,0.15708333333333385,0.028099060257276657,0.11092592592592694
person,0.06656250119209327,0.9436179832175926,0.060312502384185035,0.11276403356481482
person,0.19177078266938566,0.5110968243634253,0.033645732005436454,0.14274848090277645
person,0.21894429485003097,0.5291206345734778,0.039609781106311935,0.14750052840621283
person,0.22678899129231808,0.48888852719907544,0.02506785074869716,0.11537109375000269
person,0.2474218746026357,0.5186579499421298,0.028177082538604736,0.12073965567129664
person,0.6480143423378469,0.057261555989583504,0.01587243467569313,0.06575466579861144
person,0.8947785435120257,0.1295601851851862,0.02335937380790559,0.1061574074074054
person,0.5391062418619792,0.6658389395254644,0.031162516276041666,0.16069986979166936
person,0.8552144384384159,0.3630642361111111,0.03501221021016363,0.15426432291666667
person,0.38093749960263634,0.8287041558159731,0.04604166587193674,0.20370279947916836
person,0.6494535320997239,0.7476390697337971,0.04348958373069631,0.1857403790509276
person,0.14288065592447954,0.08538953993055556,0.023509521484375757,0.09579535590277778
person,0.6800129699707038,0.04856481481481549,0.02065114339192841,0.09712962962963098
person,0.48864072610934506,0.14526778807463533,0.024781248768169145,0.12159113170482368
person,0.052681427001953315,0.6544089084201401,0.04562672932942746,0.16682562934028014
