person,0.569494628667832,0.47461096643518563,0.037052408377330676,0.1587039930555565
person,0.532427673339844,0.9558955439814815,0.06087381998697954,0.08820891203703704
person,0.6217088826497398,0.2568703342013891,0.021894734700521213,0.11018525752314853
person,0.37120336906115275,0.2794257812500005,0.028905761559805516,0.142222511574075
person,0.38554128011067706,0.19592853009259334,0.0246368408203125,0.12229108796296442
person,0.9347163289388027,0.8863589771412044,0.055265747070313155,0.15517093460648265
person,0.94117140674591,0.36137941572401255,0.03919787534077841,0.15142593214246855
person,0.9105407175620401,0.2054814837420441,0.03378976845741365,0.12881481933593497
person,0.9199791660706206,0.11343489668104263,0.020770832141239856,0.07923958502875192
person,0.7288545330365492,0.09148148374204303,0.019583252271015303,0.12555556007667865
person,0.48993239339192735,0.4679259301644797,0.03569771321614627,0.15174074921784333
person,0.5972916865348815,0.2702962934705947,0.02772912502288823,0.11033332768192987
person,0.37655853271484413,0.056740668402777986,0.023958129882813258,0.10859273726851894
person,0.30038273127873727,0.571253473352503,0.04017301464080785,0.14512268744574686
person,0.30542222070693925,0.4477130036530677,0.03165620899200352,0.13109252929687504
person,0.42558756530284825,0.09702781394675926,0.018541667064029828,0.11798140914351853
person,0.4565833330154419,0.10165668402777857,0.020666666030883837,0.1207236689814831
person,0.5221876220703128,0.3599815524065943,0.029916422526042236,0.14577777495207422
person,0.0547030436595287,0.1563615451388897,0.02848974617322407,0.11075839120370533
person,0.06484151323636335,0.9546350549768519,0.060312502384185035,0.0907298900462963
person,0.1916613772710167,0.5110968243634253,0.033864421208699015,0.14274848090277645
person,0.21894429485003097,0.5288707956384736,0.039609781106311935,0.1480008505362039
person,0.2266218465169277,0.48888852719907544,0.02540214029947796,0.11537109375000269
person,0.2474218746026357,0.5179080584490742,0.028177082538604736,0.1207394386574076
person,0.6454585868120195,0.05605045572916694,0.015604673624038412,0.06634353298611165
person,0.8973335365454349,0.13079629672015236,0.022374999523161302,0.10496296381067186
person,0.5401844278971354,0.653941153067131,0.029006144205729178,0.16069986979166936
person,0.8530542209148407,0.3557931857638889,0.03531677516301445,0.15426432291666667
person,0.3828749996026363,0.8102595486111117,0.04529166587193683,0.1974809027777789
person,0.6503439133167271,0.7310557364004642,0.04364583444595193,0.18507371238426157
person,0.1488545939127609,0.08341308593750002,0.026061645507813463,0.0957953559027778
person,0.6786303100585943,0.04750925925926014,0.018822713216146997,0.09501851851852028
person,0.48879066510995156,0.14933610404685763,0.024956248839694696,0.1219388747603791
person,0.05572937011718769,0.6665065104166678,0.04562459309895871,0.1701332465277799
