person,0.5693826292753227,0.4717498372395838,0.03717224097252026,0.15879662181713047
person,0.6217088826497398,0.25459257450810197,0.021894734700521213,0.1097222583912039
person,0.370823191285134,0.276472059461806,0.0288015339374556,0.14175958478009343
person,0.38517608642578127,0.19361847149884331,0.0246368408203125,0.12159639033564955
person,0.937079945882162,0.8911237792968756,0.055539876302083846,0.15165058955439925
person,0.9414708146651579,0.3644397092748573,0.039078103939690814,0.15228704297100973
person,0.910687025447687,0.2063055580986884,0.03397821756204067,0.12820370878996412
person,0.9208749993046128,0.1138007820270667,0.02101041527589101,0.0785079587300593
person,0.7288154909014696,0.09136574328387236,0.019661418000855708,0.12578704212330025
person,0.48996624755859397,0.47104630053485014,0.035765421549479606,0.15253704551413957
person,0.597721363802751,0.2721620342113354,0.027901020248731,0.11021295731155956
person,0.3762715657552087,0.05522218605324085,0.023958129882813258,0.10800007233796316
person,0.2995927125811575,0.5742378484937881,0.04013859085241922,0.1451539377283168
person,0.3050680845379823,0.4504537268744579,0.031843729297318824,0.13198145548502574
person,0.42558756530284825,0.09677779586226852,0.018541667064029828,0.1184814453125
person,0.4563906247417132,0.10131400101273239,0.0206979161500931,0.12105718315972404
person,0.5215756835937503,0.3615417014227982,0.030036132812500446,0.1451574045817038
person,0.05448688763380119,0.156120949074075,0.028619974811873217,0.11070254629629814
person,0.06462855080763508,0.9570068359375,0.059542746146520165,0.085986328125
person,0.19162490880489372,0.5110968243634253,0.033937317609786535,0.14274848090277645
person,0.21894429485003097,0.5287875159934722,0.039609781106311935,0.14816762457953428
person,0.22656613159179756,0.48888852719907544,0.025513570149738207,0.11537109375000269
person,0.2474218746026357,0.5176580946180557,0.028177082538604736,0.12073936631944451
person,0.6446066683034104,0.05564675564236141,0.015515419940153426,0.06653982204861172
person,0.8981852008899045,0.13120833389847442,0.022046874761579953,0.104564815945094
person,0.5405438232421874,0.6499752242476866,0.028287353515624974,0.16069986979166936
person,0.8523341484069824,0.35336950231481484,0.035418296813964766,0.15426432291666667
person,0.3835208329359696,0.8041113462094912,0.045041665871936885,0.19540693721064906
person,0.6506407070557283,0.7255279586226865,0.043697918017703806,0.18485149016203953
person,0.15084590657552135,0.08275426793981483,0.02691235351562605,0.09579535590277778
person,0.6781694234212245,0.04715740740740835,0.018213236490886568,0.0943148148148167
person,0.4888406447768203,0.1506922093709317,0.025014582196869917,0.1220547891122309
person,0.056745351155599144,0.6705390444155104,0.0456238810221358,0.17123578559027985
