person,0.6149530239105222,0.899951859085649,0.04971928024291934,0.18357776331018683
person,0.7466173705259962,0.7395611673990897,0.04779724105199108,0.16286741581669448
person,0.7923697725931803,0.551373553240741,0.04203121185302739,0.15914178240740778
person,0.6140082958539328,0.49964272068165044,0.034287425041198576,0.1333088788633008
person,0.3710902516047156,0.6353186487268518,0.038841066360472826,0.17917751736111112
person,0.05690104333559683,0.8335089699074076,0.062218753337859874,0.16246354166666704
person,0.4091628628306921,0.4544167148919757,0.032829848925272624,0.14937644675926018
person,0.7832705537478133,0.3989969135802475,0.036784298684860536,0.14583333333333445
person,0.9530102945963547,0.21000701678240857,0.031312744140625764,0.11846744791666895
person,0.9041602376302086,0.22383355034722358,0.03186702473958386,0.12733289930555824
person,0.9180677897532784,0.13329120099102984,0.02932291674613836,0.09065560800057601
person,0.889546882549921,0.07911997251157489,0.02811435429255044,0.12209338831018682
person,0.8534947919845582,0.0676455380475087,0.024281250635782452,0.10463352401168406
person,0.7310734434127811,0.1070106982478393,0.019052648544311525,0.1218042379308638
person,0.6394035034179691,0.16100911458333336,0.02496382649739684,0.12650028935185184
person,0.621091986179352,0.17730049232200382,0.023343640327454195,0.11758420223660021
person,0.4968214417298638,0.24174822771990742,0.02957346614201922,0.12520724826388888
person,0.5799116209745409,0.10345950847201864,0.02353092424074852,0.09781166740700024
person,0.3845674236615495,0.259954463252315,0.029239827791848978,0.1338318142361115
person,0.31299788427352954,0.33602889110423956,0.03127555370330809,0.12956139910662726
person,0.3118287215630213,0.24308205088862686,0.025241101980209398,0.0829035404346595
person,0.4272735393842061,0.12316630271629106,0.021120565096537133,0.11814886700665402
person,0.4529859212239588,0.11937895739520038,0.021819824218750897,0.12211367289225261
person,0.5306663819948834,0.1726174406828708,0.025437418937682386,0.12761697048611192
person,0.4818392767906198,0.12378776211208857,0.019267339388531292,0.11042448255750802
person,0.39067007021470507,0.04025951896693248,0.022141402562459334,0.08051903793386496
person,0.20974434383710272,0.06017538339120485,0.024490478038787462,0.10479738136574304
person,0.13857251000404347,0.07577484809027839,0.029562825997670246,0.11059917534722344
person,0.061369614958763724,0.17333317438761392,0.025657768328983366,0.10998955479374638
person,0.1481416822274527,0.5199859754774308,0.040820311069488746,0.15825811993634223
person,0.19392688353856405,0.523366400118228,0.030528734525044763,0.13651216944941896
person,0.21845849609375043,0.5444481489393447,0.03479134114583419,0.14800943445276338
person,0.23041938686370886,0.504820573594835,0.024309151331583904,0.11050630922670725
person,0.2524471741517391,0.5328455041956018,0.026530497392019854,0.12223904079861114
person,0.6892077851692842,0.049613724320023964,0.019379437526068105,0.09284434678819606
person,0.6703170104424159,0.07852166521990814,0.013363675832747172,0.06617889178240888
person,0.8383105089664461,0.06935137995967158,0.017849696318307906,0.10084541038230613
person,0.9781547592625471,0.677921138468014,0.04058112866950729,0.17109375000000127
person,0.4831865596771242,0.03715408113267687,0.01876911544799782,0.07430816226535374
