person,0.5692706298828133,0.46888870804398186,0.037292073567709846,0.15888925057870437
person,0.6217088826497398,0.2523148148148148,0.021894734700521213,0.10925925925925926
person,0.37044301350911535,0.27351833767361144,0.028697306315105683,0.1412966579861118
person,0.3848108927408854,0.19130841290509326,0.0246368408203125,0.12090169270833469
person,0.9394435628255214,0.8958885814525468,0.055814005533854544,0.14813024450231582
person,0.9417702225844058,0.36750000282570205,0.03895833253860322,0.15314815379955082
person,0.9108333333333339,0.20712963245533267,0.0341666666666678,0.12759259824399327
person,0.9217708325386051,0.11416666737309074,0.021249998410542047,0.07777633243136667
person,0.7287764487663897,0.09125000282570168,0.019739583730696116,0.12601852416992188
person,0.4900001017252606,0.4741666709052205,0.03583312988281288,0.15333334181043567
person,0.5981510410706202,0.2740277749520761,0.02807291547457377,0.11009258694118924
person,0.3759845987955733,0.053703703703703705,0.023958129882813258,0.10740740740740741
person,0.2988026938835778,0.577222223635073,0.04010416706403058,0.14518518801088687
person,0.30471394836902543,0.45319445009584813,0.03203124960263418,0.1328703816731764
person,0.42558756530284825,0.09652777777777778,0.018541667064029828,0.11898148148148148
person,0.4561979164679845,0.1009713179976862,0.02072916626930237,0.121390697337965
person,0.5209637451171877,0.36310185043900206,0.03015584309895871,0.14453703421133335
person,0.05427073160807367,0.1558803530092603,0.028750203450522347,0.11064670138889092
person,0.06441558837890682,0.9593786168981482,0.0587729899088553,0.0812427662037037
person,0.19158844033877073,0.5110968243634253,0.03401021401087405,0.14274848090277645
person,0.21894429485003097,0.5287042363484707,0.039609781106311935,0.14833439862286468
person,0.2265104166666674,0.48888852719907544,0.025624999999998482,0.11537109375000269
person,0.2474218746026357,0.5174081307870371,0.028177082538604736,0.12073929398148149
person,0.6437547497948013,0.05524305555555589,0.01542616625626844,0.06673611111111179
person,0.8990368652343742,0.13162037107679647,0.021718749999998482,0.10416666807951616
person,0.5409032185872396,0.6460092954282421,0.027568562825520834,0.16069986979166936
person,0.8516140758991241,0.3509458188657408,0.035519818464914955,0.15426432291666667
person,0.38416666626930296,0.7979631438078707,0.044791665871936934,0.1933329716435192
person,0.6509375007947293,0.7200001808449088,0.043750001589455675,0.18462926793981752
person,0.1528372192382818,0.08209544994212964,0.027763061523438635,0.09579535590277778
person,0.6777085367838547,0.046805555555556565,0.017603759765626135,0.09361111111111313
person,0.48889062444368925,0.1520483146950058,0.02507291555404508,0.12217070346408271
person,0.057761332194010605,0.6745715784143529,0.045623168945312875,0.17233832465277982
