person,0.5692055257161466,0.46535624638310225,0.037161865234376514,0.15778750723379714
person,0.6213218891620637,0.2501573893229168,0.022668802738189935,0.10872225839120396
person,0.37044301350911535,0.27084242983217627,0.028697306315105683,0.14068551070601912
person,0.3849674479166667,0.1891544958043989,0.024949951171874988,0.1200613787615755
person,0.9418071797688808,0.9006533836082181,0.05608813476562524,0.14460989945023242
person,0.9420567623376839,0.3698981505499949,0.03910416595140944,0.15309259739628475
person,0.9108541666666672,0.20887514721905856,0.03420833333333443,0.12806481990107524
person,0.9224218742052718,0.11572699702227426,0.021458331743875427,0.07908203223899296
person,0.7288363310231095,0.091066360756203,0.019744792037538397,0.12595988200623315
person,0.4900573933919273,0.4766018563729759,0.035947713216146225,0.15320371274594644
person,0.59859627221028,0.2762083306489169,0.02798437384764346,0.11041666129783323
person,0.37616999310255084,0.05319444444444445,0.023984191934268276,0.1063888888888889
person,0.29899796587228755,0.5808657417297365,0.04078645908832511,0.14587963160762066
person,0.3042555641929302,0.45531944995456314,0.03228126998742292,0.132361122131347
person,0.4256389161944385,0.09599070471304424,0.01864436884721024,0.11918518546775517
person,0.4561979164679845,0.1003833550347232,0.02072916626930237,0.12114069733796493
person,0.5206199747522674,0.3659212951660166,0.030124633749326436,0.1451203681098071
person,0.05415224202474032,0.1560192057998102,0.02851322428385563,0.1108504775718425
person,0.19161190843582177,0.5110968243634253,0.03396340020497594,0.14274848090277645
person,0.2189795732100799,0.528630090219004,0.03953934661547237,0.14848240266022708
person,0.22649735516309796,0.48874962022569574,0.025651082396505754,0.11526001880787283
person,0.2474218746026357,0.5173432436342593,0.028177082538604736,0.12086906828703696
person,0.643270140806834,0.05485930266203738,0.015050698280334155,0.06673611111111179
person,0.8996748453577352,0.13198151828624644,0.022453124960262253,0.10344430104008301
person,0.5410733235677083,0.6421090856481495,0.02808251953125011,0.16030251736111353
person,0.8507713838418325,0.3481462673611112,0.035519818464914955,0.1532478298611113
person,0.3839921769698466,0.7924584960937504,0.044442727963128745,0.19165708188657474
person,0.6513332527081177,0.7144908854166679,0.04369791817664949,0.1834811921296323
person,0.15493503824869842,0.08184201388888881,0.02834867350260521,0.09566500289351837
person,0.6770444539388025,0.046699074074075114,0.017713175455730243,0.09339814814815023
person,0.488940604110558,0.15340442001907992,0.02513124891122036,0.12228661781593454
person,0.05927271525065123,0.678271629050927,0.04666290283203164,0.1728641493055576
