person,0.56914042154948,0.4618237847222227,0.03703165690104318,0.15668576388888983
person,0.6209348956743876,0.2479999638310188,0.023442870775858656,0.10818525752314867
person,0.37044301350911535,0.26816652199074104,0.028697306315105683,0.14007436342592644
person,0.3851240030924479,0.18700057870370446,0.025263061523437477,0.11922106481481631
person,0.94417079671224,0.9054181857638893,0.05636226399739594,0.141089554398149
person,0.942343302090962,0.37229629827428784,0.03924999936421578,0.1530370409930186
person,0.9108750000000005,0.21062066198278445,0.03425000000000106,0.12853704155815715
person,0.9230729158719384,0.11728732667145779,0.02166666507720881,0.08038773204661927
person,0.7288962132798295,0.0908827186867043,0.019750000344380916,0.12590123984254442
person,0.49011468505859396,0.47903704184073126,0.036062296549479636,0.15307408368145708
person,0.5990415033499399,0.2783888863457577,0.027895832220713145,0.11074073565447717
person,0.37635538740952845,0.05268518518518519,0.024010253985723415,0.10537037037037038
person,0.2991932378609973,0.5845092598243999,0.04146875111261957,0.14657407520435436
person,0.303797180016835,0.4574444498132781,0.03253129037221167,0.1318518625895174
person,0.42569026708602864,0.09545363164831071,0.018747070630390657,0.11938888945402884
person,0.4561979164679845,0.0997953920717602,0.02072916626930237,0.12089069733796487
person,0.520276204387347,0.3687407398930312,0.030093424399694098,0.1457037020082808
person,0.05403375244140695,0.15615805859036014,0.0282762451171889,0.11105425375479407
person,0.19163537653287277,0.5110968243634253,0.033916586399077825,0.14274848090277645
person,0.2190148515701289,0.5285559440895371,0.039468912124632785,0.14863040669758956
person,0.22648429365952855,0.488610713252316,0.025677164793013022,0.11514894386574308
person,0.2474218746026357,0.5172783564814816,0.028177082538604736,0.12099884259259247
person,0.6427855318188669,0.05447554976851886,0.014675230304399751,0.06673611111111179
person,0.9003128254810963,0.13234266549569637,0.023187499920525902,0.10272193400064983
person,0.5412434285481771,0.6382088758680569,0.028596476236979206,0.15990516493055784
person,0.8499286917845408,0.3453467158564817,0.035519818464914955,0.15223133680555598
person,0.3838176876703904,0.78695384837963,0.04409379005432049,0.18998119212963027
person,0.6517290046215062,0.7089815899884273,0.04364583476384342,0.18233311631944704
person,0.157032857259115,0.08158857783564802,0.028934285481771748,0.095534649884259
person,0.6763803710937506,0.04659259259259367,0.017822591145834347,0.09318518518518734
person,0.48899058377742693,0.154760525343154,0.025189582268395523,0.12240253216778633
person,0.06078409830729185,0.6819716796875009,0.047702636718750385,0.1733899739583352
person,0.12492119570573171,0.04937124252319336,0.029796411593755085,0.09874248504638672
