person,0.5690753173828133,0.4582913230613432,0.03690144856770985,0.15558402054398257
person,0.6205479021867115,0.2458425383391208,0.024216938813527142,0.10764825665509342
person,0.37044301350911535,0.2654906141493058,0.028697306315105683,0.13946321614583385
person,0.38528055826822916,0.18484666160301003,0.025576171875000022,0.1183807508680571
person,0.9465344136555994,0.9101829879195606,0.05663639322916675,0.13756920934606548
person,0.9426298418442403,0.37469444599858087,0.039395832777022,0.15298148458975244
person,0.9108958333333338,0.21236617674651034,0.03429166666666769,0.12900926321523914
person,0.9237239575386051,0.1188476563206413,0.021874998410541954,0.08169343185424556
person,0.7289560955365493,0.09069907661720562,0.0197552086512232,0.1258425976788557
person,0.4901719767252607,0.48147222730848666,0.03617687988281298,0.1529444546169678
person,0.5994867344895998,0.2805694420425984,0.027807290593782834,0.11106481001112117
person,0.376540781716506,0.05217592592592593,0.024036316037178432,0.10435185185185186
person,0.29938850984970705,0.5881527779190631,0.04215104313691409,0.14726851880108807
person,0.3033387958407398,0.459569449671993,0.03278131075700041,0.13134260304768797
person,0.4257416179776189,0.09491655858357717,0.01884977241357113,0.11959259344030247
person,0.4561979164679845,0.09920742910879721,0.02072916626930237,0.12064069733796477
person,0.5199324340224267,0.3715601846200458,0.03006221505006182,0.14628703590675457
person,0.05391526285807359,0.15629691138091006,0.028039265950522183,0.11125802993774567
person,0.1916588446299238,0.5110968243634253,0.03386977259317974,0.14274848090277645
person,0.21905012993017786,0.5284817979600703,0.039398477633793255,0.14877841073495193
person,0.2264712321559591,0.48847180627893627,0.025703247189520263,0.11503786892361316
person,0.2474218746026357,0.5172134693287038,0.028177082538604736,0.12112861689814794
person,0.6423009228308997,0.05409179687500034,0.014299762328465585,0.06673611111111179
person,0.9009508056044574,0.1327038127051463,0.023921874880789673,0.10199956696121668
person,0.5414135335286459,0.634308666087964,0.029110432942708483,0.15950781250000212
person,0.8490859997272492,0.3425471643518522,0.035519818464914955,0.1512148437500006
person,0.383643198370934,0.7814492006655096,0.04374485214551237,0.18830530237268592
person,0.6521247565348948,0.7034722945601865,0.04359375135103735,0.1811850405092617
person,0.15913067626953167,0.08133514178240721,0.02951989746093829,0.0954042968749996
person,0.6757162882486984,0.04648611111111222,0.01793200683593857,0.09297222222222444
person,0.48904056344429575,0.15611663066722808,0.025247915625570685,0.12251844651963817
person,0.06229548136393248,0.685671730324075,0.048742370605469126,0.17391579861111298
person,0.12492119570573171,0.04999960572631271,0.029796411593755085,0.09999921145262541
