person,0.5690102132161465,0.4547588614004636,0.036771240234376515,0.15448227719907529
person,0.6201609086990354,0.24368511284722275,0.024991006851195863,0.10711125578703813
person,0.37044301350911535,0.26281470630787057,0.028697306315105683,0.13885206886574117
person,0.3854371134440104,0.1826927445023156,0.02588928222656251,0.11754043692129791
person,0.9488980305989587,0.9149477900752317,0.056910522460937446,0.13404886429398208
person,0.9429163815975183,0.3770925937228738,0.039541666189828344,0.1529259281864863
person,0.9109166666666672,0.21411169151023624,0.03433333333333432,0.12948148487232106
person,0.9243749992052718,0.12040798596982483,0.022083331743875334,0.08299913166187187
person,0.7290159777932691,0.09051543454770694,0.01976041695806572,0.12578395551516697
person,0.4902292683919274,0.48390741277624194,0.03629146321614639,0.15281482555247844
person,0.5999319656292597,0.2827499977394392,0.02771874896685252,0.1113888843677651
person,0.37672617602348357,0.051666666666666666,0.024062378088633568,0.10333333333333333
person,0.2995837818384168,0.5917962960137265,0.042833335161208554,0.14796296239782175
person,0.3028804116646446,0.46169444953070793,0.03303133114178915,0.13083334350585837
person,0.4257929688692091,0.09437948551884363,0.018952474196751546,0.11979629742657616
person,0.4561979164679845,0.09861946614583421,0.02072916626930237,0.12039069733796472
person,0.5195886636575063,0.37437962934706037,0.030031005700429485,0.14687036980522827
person,0.05379677327474022,0.15643576417146002,0.02780228678385545,0.11146180612069724
person,0.1916823127269748,0.5110968243634253,0.03382295878728163,0.14274848090277645
person,0.21908540829022685,0.5284076518306036,0.03932804314295367,0.1489264147723144
person,0.22645817065238968,0.4883328993055565,0.02572932958602753,0.11492679398148341
person,0.2474218746026357,0.5171485821759261,0.028177082538604736,0.12125839120370346
person,0.6418163138429326,0.053708043981481816,0.013924294352531182,0.06673611111111179
person,0.9015887857278183,0.13306495991459627,0.024656249841053322,0.1012771999217835
person,0.5415836385091147,0.6304084563078713,0.02962438964843758,0.1591104600694464
person,0.8482433076699575,0.33974761284722266,0.035519818464914955,0.1501983506944453
person,0.3834687090714778,0.7759445529513892,0.043395914236704115,0.18662941261574145
person,0.6525205084482832,0.6979629991319457,0.04354166793823128,0.18003696469907648
person,0.16122849527994826,0.08108170572916641,0.03010550944010483,0.09527394386574022
person,0.6750522054036464,0.04637962962963078,0.018041422526042676,0.09275925925926155
person,0.48909054311116457,0.1574727359913022,0.02530624898274591,0.12263436087148998
person,0.06380686442057311,0.6893717809606491,0.049782104492187874,0.17444162326389057
person,0.12492119570573171,0.05062796892943206,0.029796411593755085,0.10125593785886412
