person,0.5689451090494799,0.451226399739584,0.03664103190104318,0.15338053385416803
person,0.6197739152113594,0.24152768735532476,0.025765074888864585,0.10657425491898283
person,0.37044301350911535,0.26013879846643534,0.028697306315105683,0.1382409215856485
person,0.38559366861979166,0.18053882740162122,0.026202392578125,0.11670012297453873
person,0.9512616475423181,0.9197125922309031,0.057184651692708144,0.13052851924189865
person,0.9432029213507964,0.37949074144716666,0.03968749960263456,0.15287037178322022
person,0.9109375000000005,0.21585720627396213,0.034375000000000946,0.12995370652940302
person,0.9250260408719384,0.12196831561900834,0.022291665077208714,0.08430483146949815
person,0.7290758600499889,0.09033179247820824,0.019765625264908,0.1257253133514782
person,0.490286560058594,0.48634259824399734,0.03640604654947974,0.1526851964879892
person,0.6003771967689194,0.28493055343628,0.02763020733992221,0.1117129587244091
person,0.37691157033046113,0.05115740740740741,0.02408844014008859,0.10231481481481482
person,0.29977905382712655,0.59543981410839,0.04351562718550307,0.14865740599455557
person,0.30242202748854935,0.4638194493894229,0.033281351526577886,0.13032408396402895
person,0.4258443197607993,0.0938424124541101,0.01905517597993196,0.12000000141284983
person,0.4561979164679845,0.09803150318287121,0.02072916626930237,0.12014069733796465
person,0.519244893292586,0.37719907407407494,0.029999796350797206,0.14745370370370203
person,0.05367828369140686,0.15657461696200994,0.02756530761718873,0.11166558230364883
person,0.19170578082402584,0.5110968243634253,0.03377614498138352,0.14274848090277645
person,0.21912068665027581,0.5283335057011367,0.03925760865211411,0.1490744188096768
person,0.22644510914882024,0.4881939923321768,0.0257554119825348,0.11481571903935354
person,0.2474218746026357,0.5170836950231483,0.028177082538604736,0.12138816550925893
person,0.6413317048549653,0.0533242910879633,0.013548826376596898,0.06673611111111179
person,0.9022267658511793,0.1334261071240462,0.025390624801317093,0.10055483288235034
person,0.5417537434895834,0.6265082465277786,0.030138346354166855,0.15871310763889057
person,0.8474006156126658,0.3369480613425931,0.035519818464914955,0.14918185763888991
person,0.38329421977202144,0.7704399052372689,0.043046976327895926,0.184953522858797
person,0.6529162603616716,0.692453703703705,0.04348958452542509,0.17888888888889126
person,0.16332631429036487,0.08082826967592559,0.0306911214192714,0.09514359085648082
person,0.6743881225585943,0.046273148148149326,0.01815083821614678,0.09254629629629865
person,0.48914052277803344,0.15882884131537628,0.02536458233992107,0.12275027522334178
person,0.06531824747721374,0.6930718315972231,0.05082183837890663,0.17496744791666835
person,0.12492119570573171,0.05125633213255141,0.029796411593755085,0.10251266426510282
