person,0.5687497965494799,0.4406290147569454,0.03625040690104318,0.1500753038194462
person,0.6186129347483311,0.23505541087963072,0.028087279001870514,0.104963252314817
person,0.37044301350911535,0.2521110749421297,0.028697306315105683,0.13640747974537054
person,0.38606333414713545,0.174077076099538,0.027141723632812524,0.11417918113426115
person,0.9583524983723962,0.9340069986979168,0.05800703938802035,0.11996748408564831
person,0.9440625406106309,0.38668518462004553,0.040124999841053346,0.1527037025734218
person,0.9110000000000004,0.2210937505651398,0.034500000000000836,0.13137037150064892
person,0.9269791658719384,0.1266493045665589,0.02291666507720862,0.08822193089237704
person,0.7292555068201485,0.08978086626971218,0.01978125018543532,0.12554938686041203
person,0.4904584350585941,0.4936481546472634,0.03674979654947984,0.15229630929452131
person,0.601712890187899,0.2914722205268023,0.02736458245913127,0.11268518179434103
person,0.37746775325139387,0.049629629629629635,0.024166626294453764,0.09925925925925927
person,0.30036486979325583,0.6063703683923799,0.04556250325838658,0.15074073678475675
person,0.3010468749602637,0.4701944489655677,0.03403141268094411,0.1287963053385405
person,0.42599837243557,0.0922311932599095,0.01936328132947326,0.12061111337167083
person,0.4561979164679845,0.09626761429398221,0.02072916626930237,0.11939069733796444
person,0.5182135821978252,0.3856574082551187,0.029906168301900314,0.14920370539912325
person,0.05332281494140678,0.15699117533365975,0.026854370117188563,0.11227691085250358
person,0.1917761851151789,0.5110968243634253,0.03363570356368921,0.14274848090277645
person,0.2192265217304227,0.5281110673127364,0.03904630517959543,0.14951843092176406
person,0.22640592463811193,0.4877772714120376,0.025833659172056576,0.114482494212964
person,0.2474218746026357,0.5168890335648151,0.028177082538604736,0.12177748842592538
person,0.6398778778910637,0.05217303240740775,0.012422422448794043,0.06673611111111179
person,0.9041407062212625,0.13450954875239607,0.02759374968210828,0.09838773176405086
person,0.5422640584309897,0.6148076171875004,0.03168021647135451,0.15752105034722333
person,0.8448725394407909,0.32854940682870454,0.035519818464914955,0.14613237847222382
person,0.3827707518736525,0.7539259620949078,0.04200016260147136,0.17992585358796367
person,0.6541035161018371,0.6759258174189826,0.04333333428700677,0.17544466145833545
person,0.1696197713216147,0.08006796151620316,0.03244795735677106,0.09475253182870264
person,0.6723958740234379,0.04595370370370498,0.018479085286459213,0.09190740740740996
person,0.48929046177863994,0.16289715728759857,0.025539582411446618,0.1230980182788972
person,0.0698523966471356,0.7041719835069452,0.053941040039062874,0.17654492187500154
person,0.12492119570573171,0.05314142174190945,0.029796411593755085,0.1062828434838189
