person,0.5686195882161466,0.4335640914351862,0.03598999023437652,0.14787181712963166
person,0.617838947772979,0.2307405598958347,0.029635415077207957,0.1038892505787064
person,0.37044301350911535,0.24675925925925926,0.028697306315105683,0.13518518518518519
person,0.3863764444986979,0.16976924189814915,0.0277679443359375,0.11249855324074276
person,0.9630797322591149,0.9435366030092593,0.058555297851561744,0.11292679398148149
person,0.9446356201171872,0.3914814800686313,0.04041666666666591,0.15259258976688958
person,0.9110416666666671,0.22458478009259158,0.03458333333333409,0.1323148148148128
person,0.9282812492052718,0.12976996386492592,0.02333333174387538,0.09083333050762964
person,0.7293752713335881,0.08941358213071482,0.019791666799120124,0.12543210253303458
person,0.49057301839192746,0.4985185255827741,0.03697896321614659,0.15203705116554275
person,0.6026033524672186,0.29583333192048383,0.027187499205270645,0.11333333050762896
person,0.377838541865349,0.04861111111111111,0.02421875039736392,0.09722222222222222
person,0.3007554137706753,0.6136574045817068,0.04692708730697556,0.15212962397822427
person,0.30013010660807327,0.4744444486829977,0.03453145345052159,0.12777778625488148
person,0.4261010742187504,0.09115704713044243,0.01956868489583409,0.12101852134421819
person,0.4561979164679845,0.09509168836805623,0.02072916626930237,0.11889069733796431
person,0.5175260414679845,0.3912962977091478,0.0298437496026357,0.15037037319607072
person,0.053085835774740055,0.1572688809147596,0.026380411783855112,0.11268446321840674
person,0.19182312130928098,0.5110968243634253,0.033542075951892986,0.14274848090277645
person,0.21929707845052063,0.5279627750538027,0.03890543619791629,0.1498144389964889
person,0.22637980163097304,0.4874994574652781,0.025885823965071116,0.11426034432870438
person,0.2474218746026357,0.5167592592592596,0.028177082538604736,0.12203703703703636
person,0.6389086599151294,0.051405526620370706,0.011671486496925353,0.06673611111111179
person,0.9054166664679845,0.13523184317129597,0.0290624996026357,0.09694299768518451
person,0.5426042683919272,0.6070071976273151,0.03270812988281288,0.15672634548611178
person,0.8431871553262075,0.32295030381944545,0.035519818464914955,0.14409939236111313
person,0.38242177327474,0.742916666666667,0.041302286783854926,0.17657407407407474
person,0.6548950199286139,0.664907226562501,0.043229167461394505,0.17314850983796498
person,0.1738154093424479,0.07956108940972155,0.03361918131510416,0.09449182581018384
person,0.6710677083333337,0.04574074074074209,0.018697916666667425,0.09148148148148418
person,0.4893904211123776,0.16560936793574677,0.025656249125797063,0.12332984698260085
person,0.07287516276041686,0.7115720847800933,0.05602050781250038,0.1775965711805569
person,0.12492119570573171,0.05439814814814815,0.029796411593755085,0.1087962962962963
