person,0.569051920731863,0.4270828993055565,0.03575032583872589,0.14594531250000187
person,0.6180159904559448,0.22717578125000124,0.029281329870222687,0.10346325231481726
person,0.37025030517578195,0.24276844618055565,0.02831188964843895,0.13509273726851867
person,0.38586081949869805,0.16757468894676028,0.026736694335937727,0.11466543692129832
person,0.9683403523763028,0.9545536747685186,0.059985961914064016,0.09089265046296297
person,0.9451740721861519,0.39551761316370143,0.04082698551813676,0.15155736174406734
person,0.9114999999205275,0.2279641209355099,0.03433333317438804,0.13318518631546422
person,0.92989583281676,0.1322142277470333,0.022687498966852123,0.09383311405888148
person,0.7294950358470279,0.08904629799171744,0.019802083412804924,0.1253148182056571
person,0.4905000814596815,0.5038055990713626,0.03712483739852968,0.1530186055501279
person,0.6038223059972123,0.3003333316379134,0.02733333269754977,0.11366666327582235
person,0.37746875011920944,0.04718518518518539,0.024145833571751575,0.09437037037037078
person,0.2996043311754859,0.6206388866283286,0.04543750349680522,0.15468518066406067
person,0.2990676879882816,0.47979637174253154,0.034364624023438255,0.13033333954987572
person,0.42692773429552744,0.08994397537796532,0.020457031091054862,0.12029666024667136
person,0.4560208331743877,0.09387876157407475,0.02037499968210869,0.11927951388889024
person,0.5168697101275126,0.3963518524169929,0.030156249682108498,0.15214814927842749
person,0.052848856608073334,0.15754658649585945,0.025906453450521665,0.1130920155843099
person,0.19190128703912154,0.5102694409688305,0.03338590741157418,0.14250141087284646
person,0.21929707845052063,0.5274396458378559,0.03890543619791629,0.14969410649052103
person,0.22653347790241174,0.48684203197337994,0.025578471104302586,0.11459371383101924
person,0.24753385386864352,0.5163334056712967,0.028057291070620077,0.12203689236111068
person,0.6380227613449097,0.05098958333333367,0.01219135602315274,0.06614004629629697
person,0.9074374997615814,0.13683373119212944,0.02841666618982946,0.09681344039351812
person,0.5434126383463542,0.5985914351851858,0.03157055664062529,0.15470601851851956
person,0.8419275931517284,0.3172587528935195,0.0347340925534566,0.14270471643518726
person,0.38298950195312537,0.7364444806134263,0.04175016276041715,0.18088881655092673
person,0.656129679838816,0.6545925564236121,0.043031250953673585,0.17174081307870578
person,0.1775107828776042,0.0785834418402771,0.03331176757812502,0.09449182581018382
person,0.669572916666667,0.0449722222222233,0.019875000000000635,0.0899444444444466
person,0.48949038044611537,0.16832157858389493,0.02577291584014745,0.12356167568630447
person,0.07493141682942735,0.7188880208333339,0.05428299967447969,0.18059432870370487
person,0.12474845801790574,0.05504599441716701,0.02945093621810315,0.11009198883433402
