person,0.5692680869897212,0.4238423032407417,0.03563049364090081,0.14498206018518703
person,0.6181045117974276,0.22539339192708446,0.02910428726673011,0.10325025318287265
person,0.3701539510091153,0.2407730396412038,0.028119181315105556,0.13504651331018538
person,0.3856030069986981,0.16647741247106584,0.02622106933593784,0.1157488787615761
person,0.96968994140625,0.9545536747685186,0.060620117187499996,0.09089265046296297
person,0.9454432982206344,0.39753567971123643,0.04103214494387224,0.15103974773265624
person,0.9117291665474578,0.22965379135696906,0.034208333094914896,0.13362037206578997
person,0.9307031246225042,0.13343635968808706,0.02236458257834073,0.09533300583450742
person,0.7295549181037477,0.08886265592221876,0.019807291719647204,0.12525617604196837
person,0.4904636129935585,0.5064491358156568,0.03719777448972117,0.15350938274242054
person,0.6044317827622092,0.30258333149662836,0.027406249443689152,0.11383332965991907
person,0.3772838542461397,0.046472222222222526,0.02410937515894549,0.09294444444444505
person,0.2990287898778913,0.6241296276516394,0.04469271159172005,0.15596295900697876
person,0.29853647867838584,0.48247233327229844,0.03428120930989659,0.13161111619737276
person,0.427341064333916,0.08933743950172678,0.02090120418866531,0.119935729697898
person,0.4559322915275893,0.093272298177084,0.02019791638851191,0.11947392216435321
person,0.5165415444572765,0.3988796297709154,0.030312499721844865,0.15303703731960586
person,0.052730367024739974,0.1576854392864094,0.025669474283854948,0.1132957917672615
person,0.19194036990404187,0.5098557492715334,0.03330782314141478,0.1423778758578815
person,0.21929707845052063,0.5271780812298824,0.03890543619791629,0.1496339402375371
person,0.22661031603813112,0.486513319227431,0.02542479467391834,0.11476039858217672
person,0.24758984350164742,0.5161204788773153,0.02799739533662772,0.12203682002314775
person,0.6375798120597999,0.050781611689815154,0.012451290786266256,0.06584201388888958
person,0.9084479164083799,0.13763467520254616,0.02809374948342646,0.09674866174768491
person,0.5438168233235678,0.594383553964121,0.031001770019531527,0.15369585503472355
person,0.8412978120644886,0.3144129774305566,0.03434122959772748,0.14200737847222422
person,0.3832733662923181,0.7332083875868061,0.04197410074869819,0.18304618778935275
person,0.656747009793917,0.6494352213541676,0.042932292699813246,0.17103696469907603
person,0.1793584696451823,0.0780946180555549,0.033158060709635395,0.09449182581018385
person,0.6688255208333337,0.044587962962963905,0.02046354166666736,0.08917592592592781
person,0.4895403601129842,0.16967768390796903,0.02583124919732261,0.12367759003815627
person,0.0759595438639326,0.7225459888599542,0.05341424560546936,0.18209320746527866
person,0.12466208917399275,0.05536991755167643,0.029278198530277185,0.11073983510335286
