person,0.5697004195054376,0.41736111111111196,0.03539082924525019,0.14305555555555724
person,0.6182815544803935,0.22182861328125103,0.02875020205974484,0.1028242549189835
person,0.3699612426757819,0.23678222656250017,0.027733764648438824,0.13495406539351887
person,0.3850873819986982,0.16428285951967694,0.025189819335938068,0.11791576244213166
person,0.9459817502895992,0.4015718128063066,0.04144246379534309,0.15000451970983403
person,0.9121874998013183,0.2330331321998874,0.033958332935968845,0.13449074356644142
person,0.9323177082339924,0.13588062357019445,0.021718749801317473,0.09833278938575926
person,0.7296746826171874,0.08849537178322138,0.019817708333332008,0.12513889171459092
person,0.49039067606131254,0.5117362093042452,0.03734364867210426,0.1544909371270057
person,0.6056507362922029,0.30708333121405795,0.027552082935968277,0.11416666242811246
person,0.3769140625000001,0.045046296296296806,0.024036458333333142,0.09009259259259361
person,0.2978777072827019,0.6311111096982611,0.04320312778154971,0.15851851569281517
person,0.2974740600585941,0.48782425633183235,0.03411437988281326,0.134166669492367
person,0.428167724410693,0.08812436774924967,0.02178955038388608,0.11921386860035119
person,0.45575520823399246,0.09205937138310252,0.019843749801318228,0.11986273871527912
person,0.5158852131168047,0.4039351844787605,0.03062499980131766,0.15481481340196263
person,0.05249338785807325,0.15796314486750926,0.025195515950521497,0.11370334413316464
person,0.19201853563388246,0.5090283658769388,0.03315165460109597,0.1421308058279515
person,0.21929707845052063,0.5266549520139354,0.03890543619791629,0.14951360773156921
person,0.22676399230956978,0.48585589373553284,0.02511744181314981,0.1150937680844916
person,0.24770182276765523,0.5156946252893523,0.027877603868643065,0.12203667534722205
person,0.6366939134895802,0.05036566840277812,0.012971160312493643,0.06524594907407474
person,0.9104687497019768,0.13923656322337963,0.027447916070620217,0.09661910445601853
person,0.5446251932779949,0.5859677915219916,0.02986419677734394,0.15167552806713133
person,0.8400382498900095,0.30872142650463064,0.033555503686269125,0.14061270254629832
person,0.3838410949707035,0.7267362015335653,0.042421976725260414,0.18736093026620473
person,0.6579816697041191,0.6391205512152788,0.042734376192092326,0.16962926793981684
person,0.18305384318033854,0.07711697048611044,0.03285064697265625,0.09449182581018384
person,0.6673307291666669,0.04381944444444512,0.02164062500000057,0.08763888888889024
person,0.48964031944672187,0.17238989455611722,0.025947915911672996,0.12390941874185989
person,0.07801579793294308,0.7298619249131948,0.05167673746744867,0.18509096498842662
person,0.12448935148616679,0.056017763820695295,0.02893272315462525,0.11203552764139059
