person,0.570132752021154,0.41087991898148224,0.03515116484959956,0.14112905092592745
person,0.6184585971633593,0.21826383463541757,0.02839611685275957,0.10239825665509436
person,0.3697685343424485,0.23279141348379656,0.027348347981772096,0.13486161747685232
person,0.38457175699869833,0.16208830656828804,0.024158569335938296,0.12008264612268724
person,0.9465202023585639,0.4056079459013767,0.041852782646813934,0.14896929168701178
person,0.9126458330551788,0.2364124730428057,0.033708332777022794,0.13536111506709284
person,0.9339322918454807,0.13832488745230184,0.021072917024294213,0.10133257293701112
person,0.7297944471306271,0.088128087644224,0.019828124947016808,0.12502160738721343
person,0.49031773912906657,0.5170232827928338,0.03748952285448735,0.15547249151159084
person,0.6068696898221966,0.3115833309314875,0.0276979164282474,0.11449999519630587
person,0.3765442707538605,0.04362037037037108,0.023963541507720797,0.08724074074074216
person,0.2967266246875126,0.6380925917448829,0.04171354397137937,0.16107407237865157
person,0.29641164143880244,0.4931761793913662,0.033947550455729926,0.13672222278736126
person,0.42899438448747007,0.08691129599677255,0.022677896579106852,0.11849200750280436
person,0.4555781249403956,0.09084644458912106,0.01948958321412455,0.12025155526620505
person,0.5152288817763327,0.4089907391866055,0.030937499880790458,0.1565925894843194
person,0.05225640869140652,0.15824085044860914,0.024721557617188045,0.1141108964990678
person,0.19209670136372303,0.508200982482344,0.03299548606077716,0.14188373579802152
person,0.21929707845052063,0.5261318227979885,0.03890543619791629,0.14939327522560134
person,0.22691766858100848,0.48519846824363466,0.024810088952381282,0.11542713758680645
person,0.24781380203366304,0.5152687717013894,0.027757812400658406,0.12203653067129637
person,0.6358080149193605,0.04994972511574108,0.013491029838721028,0.06464988425925992
person,0.9124895829955736,0.1408384512442131,0.02680208265781398,0.09648954716435214
person,0.5454335632324219,0.5775520290798621,0.028726623535156353,0.1496552010995391
person,0.8387786877155304,0.3030298755787047,0.032769777774810764,0.13921802662037241
person,0.3844088236490889,0.7202640154803246,0.04286985270182265,0.1916756727430567
person,0.6592163296143211,0.62880588107639,0.042536459684371405,0.16822157118055764
person,0.1867492167154948,0.07613932291666599,0.0325432332356771,0.09449182581018382
person,0.6658359375000003,0.04305092592592633,0.02281770833333378,0.08610185185185266
person,0.48974027878045956,0.17510210520426542,0.02606458262602332,0.12414124744556353
person,0.08007205200195358,0.7371778609664354,0.04993922932942799,0.18808872251157457
person,0.12431661379834082,0.05736065793920447,0.028587247778973316,0.11194353810063115
