person,0.5705650845368704,0.40439872685185263,0.034911500453949175,0.13920254629629772
person,0.618635639846325,0.21469905598958405,0.0280420316457743,0.10197225839120519
person,0.3695758260091152,0.22880060040509292,0.026962931315105364,0.1347691695601858
person,0.3840561319986984,0.15989375361689917,0.023127319335938524,0.12224952980324276
person,0.9470586544275289,0.40964407899644684,0.042263101498284786,0.14793406366418962
person,0.9131041663090392,0.23979181388572401,0.033458332618076625,0.13623148656774428
person,0.935546875456969,0.1407691513344093,0.02042708424727119,0.10433235648826297
person,0.7299142116440668,0.08776080350522664,0.019838541560701608,0.12490432305983598
person,0.4902448021968206,0.5223103562814223,0.03763539703687038,0.15645404589617612
person,0.6080886433521902,0.3160833306489172,0.027843749920526406,0.1148333279644993
person,0.37617447900772094,0.04219444444444535,0.02389062468210851,0.0843888888888907
person,0.2955755420923233,0.6450740737915047,0.04022396016120903,0.16362962906448786
person,0.2953492228190108,0.4985281024509001,0.03378072102864659,0.13927777608235542
person,0.42982104456424713,0.08569822424429546,0.023566242774327683,0.11777014640525758
person,0.4554010416467988,0.08963351779513958,0.01913541662693093,0.12064037181713098
person,0.5145725504358607,0.4140462938944506,0.031249999960263192,0.15837036556667616
person,0.0520194295247398,0.158518556029709,0.024247599283854605,0.11451844886497096
person,0.19217486709356366,0.5073735990877496,0.03283931752045834,0.14163666576809159
person,0.21929707845052063,0.5256086935820417,0.03890543619791629,0.14927294271963346
person,0.22707134485244718,0.48454104275173665,0.024502736091612753,0.11576050708912136
person,0.24792578129967086,0.5148429181134264,0.02763802093267372,0.12203638599537057
person,0.6349221163491408,0.04953378182870404,0.014010899364948296,0.06405381944444513
person,0.9145104162891705,0.14244033926504657,0.026156249245007857,0.09635998987268575
person,0.5462419331868489,0.5691362666377328,0.027589050292968764,0.14763487413194695
person,0.8375191255410512,0.2973383246527788,0.03198405186335241,0.13782335069444646
person,0.3849765523274743,0.713791829427084,0.04331772867838482,0.19599041521990865
person,0.6604509895245232,0.6184912109375011,0.04233854317665061,0.16681387442129836
person,0.19044459025065105,0.07516167534722155,0.03223581949869792,0.09449182581018384
person,0.6643411458333335,0.042282407407407546,0.02399479166666711,0.08456481481481509
person,0.48984023811419725,0.1778143158524136,0.026181249340373764,0.12437307614926715
person,0.08212830607096408,0.744493797019676,0.0482017211914073,0.1910864800347223
person,0.12423024495442785,0.05930555484913014,0.028414510091147347,0.1121296282167788
