person,0.6125360519091285,0.8943946397569448,0.048969808896382125,0.19335886863425986
person,0.74320869978269,0.7395420687640164,0.04397989956537766,0.16194466993543888
person,0.7942449045181275,0.5577109375000001,0.041614809036254856,0.15891145833333342
person,0.6143929408391318,0.49427387082135354,0.03351504834492971,0.13441579719826263
person,0.3706698819001512,0.6256521267361111,0.03820296367009407,0.17888093171296296
person,0.061223960479100586,0.8342647569444446,0.06740625429153435,0.1585815972222223
person,0.40859176958048804,0.4494379742155354,0.032668203512827766,0.1516384548611119
person,0.7850973600811435,0.404881687242799,0.03680356166980729,0.1460802469135815
person,0.9534101155598965,0.21441218171296425,0.031179768880209596,0.12017563657407665
person,0.9054119466145837,0.22824471932870505,0.03236360677083402,0.12999204282407675
person,0.9185574543078738,0.13502629937066055,0.030052083094913938,0.09190416124131676
person,0.8893800193866086,0.08027716290509286,0.028259957393008742,0.12177900752314867
person,0.8540989585717521,0.06790148932845617,0.024239583810170016,0.10497470898098644
person,0.7309097042083745,0.10656818799619401,0.018912995656330624,0.1217684651127584
person,0.6391828816731775,0.1555830439814815,0.024905069986980048,0.12475983796296299
person,0.6211921433210379,0.17524913208573037,0.023974455912909084,0.11998321787516439
person,0.497001953283946,0.24564290364583335,0.029616292635600238,0.12704752604166664
person,0.5795367838144307,0.10659226092585852,0.025030598878861336,0.09999731120356888
person,0.38390128572781845,0.25211433015046303,0.028531738122303512,0.12973430266203717
person,0.3126884766817098,0.33990471620913015,0.03166569034258604,0.1322117761682603
person,0.31186056733131406,0.24521627030549298,0.025325952370961483,0.08428395843505686
person,0.4264475098848343,0.12165668233235719,0.02062654646237701,0.11916811003508312
person,0.45278743489583384,0.11806383203577114,0.02198763020833443,0.12172662240487558
person,0.5306821292241418,0.17300198929398164,0.02571858787536527,0.12581083622685213
person,0.48270631102721,0.12201996584291885,0.018958764632545075,0.11158970020435542
person,0.3902466956051914,0.03834311200793802,0.021261361440022775,0.07668622401587603
person,0.21019181307156923,0.05456463396990869,0.022678873538971325,0.10394480613426181
person,0.14079125984509783,0.07194068287037057,0.028292317867278986,0.10986082175925965
person,0.060786104321480246,0.17269551524409543,0.02563845213254201,0.10998955479374639
person,0.1469348142147068,0.5247989275896991,0.040442707856497,0.15783685980902762
person,0.1939964747428894,0.5226465353789163,0.031676217714945484,0.1368996969152397
person,0.21806262207031277,0.5432412521927446,0.034791422526042184,0.1474243446632668
person,0.23040387439727836,0.5039506714432328,0.02389433733622317,0.11068056742350257
person,0.25223697932561284,0.5318427191840278,0.027334066073100693,0.12179741753472219
person,0.6886712059179949,0.04887695990668497,0.019497603893280414,0.09296659342448106
person,0.6688111040194824,0.07794339554398196,0.014435684601464396,0.06629839409722316
person,0.838339768330256,0.06990954081217449,0.017886893431345165,0.10114141958731192
person,0.9764191598603219,0.6698669967908257,0.04197942560369287,0.16972728587963126
person,0.4833143480618797,0.03715408113267687,0.019024854977925543,0.07430816226535374
