person,0.5707812507947286,0.4011581307870377,0.03479166825612386,0.13823929398148282
person,0.6187241611878079,0.21291666666666734,0.027864989042281726,0.1017592592592606
person,0.3694794718424485,0.22680519386574108,0.02677022298177197,0.13472294560185252
person,0.38379831949869847,0.15879647714120473,0.022611694335938636,0.12333297164352054
person,0.9473278804620112,0.41166214554398184,0.042468260924020264,0.14741644965277845
person,0.9133333329359696,0.24148148430718316,0.0333333325386036,0.13666667231807003
person,0.9363541672627131,0.14199128327546298,0.020104167858759563,0.10583224826388889
person,0.7299740939007866,0.08757716143572794,0.01984374986754389,0.12484568089614725
person,0.4902083337306976,0.5249538930257165,0.03770833412806193,0.15694482308846866
person,0.6086981201171872,0.318333330507632,0.02791666666666591,0.11499999434859598
person,0.3759895831346512,0.04148148148148249,0.023854166269302368,0.08296296296296499
person,0.2950000007947286,0.6485648148148155,0.03947916825612386,0.16490740740740606
person,0.29481801350911496,0.501204063980667,0.033697306315104925,0.14055555272985254
person,0.4302343746026357,0.0850916883680569,0.02401041587193807,0.11740921585648419
person,0.4553125000000004,0.08902705439814883,0.01895833333333409,0.12083478009259395
person,0.5142443847656248,0.4165740712483731,0.03140624999999962,0.15925925360785456
person,0.05190093994140644,0.15865740882025892,0.024010620117187877,0.11472222504792255
person,0.19221394995848395,0.5069599073904522,0.03276123325029895,0.1415131307531266
person,0.21929707845052063,0.5253471289740682,0.03890543619791629,0.14921277646664952
person,0.22714818298816652,0.48421233000578756,0.024349059661228505,0.11592719184027879
person,0.2479817709326748,0.514629991319445,0.02757812519868139,0.12203631365740775
person,0.634479167064031,0.049325810185185524,0.01427083412806193,0.06375578703703771
person,0.915520832935969,0.14324128327546332,0.025833332538604734,0.09629521122685253
person,0.5466461181640625,0.564928385416668,0.027020263671875,0.14662471064815086
person,0.8368893444538116,0.2944925491898158,0.03159118890762329,0.1371260127314835
person,0.38526041666666705,0.7105557364004637,0.04354166666666591,0.1981477864583347
person,0.6610683194796242,0.6133338758680565,0.04223958492279015,0.1661100260416687
person,0.19229227701822915,0.07467285156249932,0.03208211263020833,0.09449182581018384
person,0.6635937500000002,0.04189814814814815,0.024583333333333714,0.0837962962962963
person,0.4898902177810662,0.17917042117648768,0.02623958269754893,0.12448899050111893
person,0.08315643310546932,0.7481517650462963,0.04733296712239697,0.1925853587962963
person,0.12423024495442785,0.060231480775056065,0.028414510091147347,0.11305555414270473
