person,0.5705208339293797,0.3966302083333341,0.03447916785875963,0.13996180555555704
person,0.618625223318736,0.21034259259259336,0.02766686916351328,0.10383333333333482
person,0.3692554117838548,0.2228514901620373,0.026739176432292903,0.13514887152777832
person,0.3842157390117651,0.15469469762731564,0.023714355627696488,0.12298097511574237
person,0.9483050127029423,0.4185519383748377,0.042776692072549596,0.14956278878671173
person,0.9144010821978255,0.2436481492784289,0.03373958301544088,0.13685185411241307
person,0.9376145839691162,0.14463006337483725,0.02158333460489909,0.10803616841634114
person,0.7300938584142264,0.08720987729673059,0.019854166481228692,0.12472839656876979
person,0.49138016772270193,0.5296945961846251,0.038052083492278815,0.15601882199887768
person,0.60926578772068,0.32271296041983183,0.028302083253859914,0.11579629121003261
person,0.2953227954705555,0.6541018512867124,0.04068750174840261,0.16509259146231023
person,0.2945417481263481,0.5050558437771262,0.034249511877696176,0.1394444421838819
person,0.43094270793596917,0.08347164351851967,0.023218749205271175,0.11783449074074304
person,0.4551041665474577,0.08682342303240823,0.019166666428248706,0.12020500578703865
person,0.5134214275280632,0.42064814701786823,0.031614583571751356,0.15992592366536315
person,0.05195302327473977,0.15853707433629974,0.024114786783854546,0.11448141140407879
person,0.19229211568832452,0.5061325239958575,0.03260506470998014,0.1412660607231966
person,0.21929707845052063,0.5248239997581213,0.03890543619791629,0.14909244396068164
person,0.2273018592596052,0.4835549045138894,0.024041706800459976,0.11626056134259366
person,0.2480937501986826,0.514204137731482,0.027458333730696734,0.12203616898148206
person,0.633572937309742,0.048824146412037375,0.015020874619483848,0.06375578703703771
person,0.9172081906000772,0.14422265625000028,0.024999877293904522,0.09629542824074129
person,0.5475251872539518,0.5565445601851864,0.027116211096445516,0.14502199074074304
person,0.8358550626834232,0.2907884837962973,0.03173128422101321,0.13805266203703906
person,0.3858281452655796,0.7010371455439821,0.04240629053115755,0.19514793113426063
person,0.6616151128609973,0.6031579499421306,0.041937501112619555,0.16390632233796468
person,0.1948048095703126,0.07335373263888835,0.029265380859375245,0.0946588541666656
person,0.6635937500000002,0.04189814814814815,0.024583333333333714,0.0837962962962963
person,0.4899901771148038,0.1818826318246359,0.02635624941189931,0.1247208192048226
person,0.0853889770507817,0.7530033998842595,0.04753454589843841,0.1883635706018524
person,0.12400878906250076,0.06148535099735993,0.02864908854166819,0.1126589253743495
