person,0.5703906254967054,0.39436624710648227,0.03432291766007734,0.14082306134259415
person,0.6185757543842001,0.20905555555555633,0.02756780922412882,0.10487037037037192
person,0.3691433817545579,0.22087463831018542,0.02672365315755331,0.1353618344907412
person,0.3844244487682983,0.15264380787037107,0.024265686273575386,0.12280497685185326
person,0.9487935788234079,0.42199683479026556,0.04293090764681414,0.15063595835367852
person,0.9149349568287535,0.24473148176405177,0.0339427082538594,0.13694444500958458
person,0.9382447923223177,0.14594945342452437,0.022322917977968853,0.10913812849256728
person,0.7301537406709462,0.08702623522723188,0.01985937478807121,0.12466975440508106
person,0.491966084718704,0.5320649477640795,0.038223958174387285,0.15555582145408223
person,0.6095496215224263,0.3249027753759317,0.028494791547456797,0.11619443964075092
person,0.2954841928084689,0.6568703695226608,0.04129166849454199,0.16518518348976252
person,0.2944036154349646,0.5069817336753559,0.0345256146589918,0.13888888691089654
person,0.4312968746026358,0.08266162109375104,0.02282291587193773,0.11804712818287245
person,0.4549999998211863,0.08572160734953792,0.019270832975705983,0.11989011863426104
person,0.5130099489092823,0.4226851849026158,0.0317187503576271,0.16025925869411736
person,0.051979064941406444,0.15847690709432014,0.024166870117187877,0.11436100458215691
person,0.19233119855324485,0.5057188322985604,0.032526980439820746,0.14114252570823166
person,0.21929707845052063,0.5245624351501479,0.03890543619791629,0.1490322777076977
person,0.22737869739532457,0.48322619176794046,0.023888030370075725,0.11642724609375114
person,0.2481497398316865,0.5139912109375006,0.027398437996704376,0.12203609664351914
person,0.6331198224325976,0.048573314525463304,0.015395894865194866,0.06375578703703771
person,0.9180518694321315,0.14471334273726877,0.024583149671554474,0.09629553674768565
person,0.5479647217988967,0.5523526475694455,0.027164184808730715,0.14422063078703914
person,0.8353379217982292,0.2889364510995381,0.03180133187770823,0.13851598668981685
person,0.386112009565036,0.6962778501157415,0.04183860246340334,0.19364800347222355
person,0.6618885095516838,0.5980699869791675,0.04178645920753432,0.16280447048611277
person,0.19606107584635435,0.07269417317708286,0.027857014973958656,0.09474236834490646
person,0.6635937500000002,0.04189814814814815,0.024583333333333714,0.0837962962962963
person,0.4900401567816727,0.18323873714870997,0.026414582769074477,0.12483673355667438
person,0.0865052490234379,0.7554292173032412,0.04763533528645913,0.18625267650463043
person,0.12389806111653721,0.062112286108511876,0.028766377766928593,0.11246061099017189
