person,0.5702604170640309,0.3921022858796304,0.03416666746139529,0.14168431712963123
person,0.6185262854496643,0.20776851851851932,0.027468749284744593,0.10590740740740903
person,0.3690313517252611,0.21889778645833355,0.026708129882813778,0.13557479745370413
person,0.3846331585248316,0.15059291811342654,0.02481701691945428,0.1226289785879642
person,0.9492821449438734,0.42544173120569345,0.043085123221078804,0.15170912792064517
person,0.9154688314596813,0.24581481424967463,0.034145833492278045,0.1370370359067561
person,0.9388750006755193,0.14726884347421154,0.023062501351038614,0.11024008856879342
person,0.730213622927666,0.0868425931577332,0.019864583094913495,0.12461111224139233
person,0.4925520017147062,0.5344352993435337,0.0383958328564957,0.15509282090928672
person,0.6098334553241728,0.32709259033203164,0.02868749984105392,0.11659258807146924
person,0.2956455901463823,0.6596388877586092,0.041895835240681356,0.1652777755172146
person,0.2942654827435812,0.5089076235735855,0.03480171744028742,0.13833333163791128
person,0.4316510412693026,0.08185159866898242,0.02242708253860428,0.1182597656250019
person,0.45489583309491494,0.08461979166666761,0.01937499952316332,0.11957523148148337
person,0.5125984702905015,0.4247222227873634,0.031822917143502966,0.1605925937228717
person,0.05200510660807311,0.15841673985234053,0.024218953450521215,0.114240597760235
person,0.19237028141816515,0.505305140601263,0.032448896169661325,0.14101899069326668
person,0.21929707845052063,0.5243008705421744,0.03890543619791629,0.14897211145471376
person,0.22745553553104392,0.48289747902199137,0.023734353939691446,0.11659393084490857
person,0.2482057294646904,0.5137782841435191,0.027338542262712047,0.12203602430555625
person,0.6326667075554531,0.04832248263888922,0.015770915110905767,0.06375578703703771
person,0.9188955482641855,0.14520402922453723,0.02416642204920431,0.09629564525463005
person,0.5484042563438414,0.5481607349537048,0.027212158521016033,0.14341927083333522
person,0.8348207809130349,0.2870844184027788,0.03187137953440313,0.1389793113425946
person,0.3863958738644923,0.6915185546875007,0.04127091439564919,0.19214807581018659
person,0.6621619062423703,0.5929820240162045,0.04163541730244896,0.16170261863426078
person,0.19731734212239604,0.07203461371527738,0.026448649088542126,0.09482588252314733
person,0.6635937500000002,0.04189814814814815,0.024583333333333714,0.0837962962962963
person,0.4900901364485415,0.18459484247278407,0.026472916126249697,0.12495264790852617
person,0.08762152099609409,0.7578550347222228,0.04773612467447985,0.18414178240740853
person,0.12378733317057368,0.0627392212196638,0.028883666992189028,0.11226229660599427
