person,0.5701302086313565,0.3898383246527786,0.034010417262713116,0.14254557291666836
person,0.6184768165151283,0.20648148148148232,0.02736968934536037,0.10694444444444613
person,0.3689193216959642,0.21692093460648165,0.02669260660807424,0.135787760416667
person,0.3848418682813649,0.148542028356482,0.025368347565333238,0.12245298032407509
person,0.949770711064339,0.4288866276211214,0.04323933879534347,0.1527822974876118
person,0.9160027060906093,0.24689814673529747,0.03434895873069668,0.13712962680392762
person,0.9395052090287208,0.14858823352389866,0.02380208472410838,0.11134204864501954
person,0.7302735051843858,0.08665895108823453,0.01986979140175601,0.12455247007770359
person,0.49313791871070833,0.536805650922988,0.03856770753860417,0.15462982036449124
person,0.6101172891259191,0.3292824052881315,0.028880208134650805,0.11699073650218755
person,0.2958069874842958,0.6624074059945576,0.04250000198682073,0.1653703675446667
person,0.29412735005219776,0.5108335134718152,0.035077820221583046,0.13777777636492594
person,0.4320052079359693,0.0810415762442138,0.022031249205270834,0.11847240306713132
person,0.4547916663686436,0.08351797598379732,0.0194791660706206,0.11926034432870573
person,0.5121869916717207,0.42675926067211095,0.03192708392937883,0.16092592875162592
person,0.05203114827473977,0.15835657261036096,0.024271036783854547,0.11412019093831313
person,0.19240936428308544,0.5048914489039656,0.03237081189950194,0.1408954556783017
person,0.21929707845052063,0.5240393059342009,0.03890543619791629,0.14891194520172982
person,0.22753237366676327,0.4825687662760423,0.0235806775093072,0.116760615596066
person,0.24826171909769432,0.5135653573495377,0.027278646528719717,0.12203595196759344
person,0.6322135926783086,0.048071650752315155,0.016145935356616785,0.06375578703703771
person,0.9197392270962396,0.14569471571180573,0.023749694426854262,0.09629575376157441
person,0.548843790888786,0.5439688223379638,0.02726013223330123,0.14261791087963133
person,0.8343036400278407,0.28523238570601955,0.03194142719109815,0.1394426359953724
person,0.3866797381639486,0.68675925925926,0.040703226327894984,0.1906481481481495
person,0.6624353029330569,0.5878940610532415,0.04148437539736373,0.16060076678240875
person,0.1985736083984378,0.07137505425347189,0.02504028320312557,0.09490939670138822
person,0.6635937500000002,0.04189814814814815,0.024583333333333714,0.0837962962962963
person,0.49014011611541036,0.18595094779685817,0.02653124948342486,0.125068562260378
person,0.08873779296875028,0.7602808521412044,0.04783691406250057,0.18203088831018654
person,0.12367660522461013,0.06336615633081574,0.02900095621744943,0.11206398222181667
