person,0.5700000001986822,0.3875743634259268,0.03385416706403094,0.14340682870370547
person,0.6184273475805924,0.20519444444444535,0.027270629405976146,0.10798148148148323
person,0.3688072916666673,0.21494408275462976,0.026677083333334708,0.13600072337962987
person,0.3850505780378982,0.14649113859953744,0.02591967821121219,0.12227698206018597
person,0.9502592771848045,0.43233152403654934,0.04339355436960813,0.15385546705457842
person,0.9165365807215373,0.24798147922092034,0.03455208396911533,0.13722221770109916
person,0.9401354173819224,0.14990762357358578,0.02454166809717814,0.11244400872124564
person,0.7303333874411057,0.08647530901873582,0.019874999708598295,0.12449382791401487
person,0.49372383570671047,0.5391760025024424,0.03873958222071264,0.15416681981969574
person,0.6104011229276656,0.3314722202442314,0.029072916428247688,0.11738888493290588
person,0.2959683848222092,0.665175924230506,0.04310416873296011,0.16546295957211876
person,0.29398921736081435,0.5127594033700448,0.03535392300287867,0.13722222109194057
person,0.432359374602636,0.08023155381944519,0.02163541587193739,0.11868504050926074
person,0.45468749964237226,0.08241616030092702,0.019583332618077876,0.1189454571759281
person,0.5117755130529398,0.4287962985568585,0.0320312507152547,0.16125926378038014
person,0.052057189941406436,0.15829640536838135,0.024323120117187874,0.11399978411639126
person,0.19244844714800574,0.5044777572066683,0.032292727629342544,0.14077192066333669
person,0.21929707845052063,0.5237777413262275,0.03890543619791629,0.14885177894874588
person,0.22760921180248259,0.4822400535300932,0.023427001078922947,0.11692730034722343
person,0.24831770873069825,0.5133524305555561,0.02721875079472739,0.12203587962963063
person,0.6317604778011641,0.047820818865741084,0.016520955602327803,0.06375578703703771
person,0.9205829059282937,0.14618540219907422,0.023332966804504213,0.09629586226851877
person,0.5492833254337307,0.5397769097222229,0.027308105945586428,0.14181655092592735
person,0.8337864991426466,0.2833803530092603,0.032011474847793174,0.13990596064815017
person,0.38696360246340494,0.6819999638310192,0.04013553826014077,0.18914822048611243
person,0.6627086996237435,0.5828060980902784,0.041333333492278496,0.15949891493055676
person,0.19982987467447952,0.0707154947916664,0.02363191731770901,0.0949929108796291
person,0.6635937500000002,0.04189814814814815,0.024583333333333714,0.0837962962962963
person,0.4901900957822792,0.18730705312093227,0.026589582840600142,0.12518447661222984
person,0.08985406494140646,0.762706669560186,0.047937703450521285,0.17991999421296453
person,0.12356587727864658,0.06399309144196769,0.02911824544270984,0.11186566783763907
