person,0.5698697917660077,0.38531040219907503,0.033697916865348884,0.14426808449074255
person,0.6183778786460564,0.20390740740740834,0.027171569466591924,0.10901851851852035
person,0.3686952616373705,0.2129672309027779,0.026661560058595175,0.13621368634259282
person,0.3852592877944315,0.1444402488425929,0.02647100885709109,0.12210098379629691
person,0.95074784330527,0.43577642045197723,0.04354776994387279,0.15492863662154507
person,0.9170704553524652,0.2490648117065432,0.034755209207533964,0.13731480859827067
person,0.9407656257351239,0.15122701362327295,0.025281251470247904,0.1135459687974718
person,0.7303932696978256,0.08629166694923714,0.019880208015440815,0.12443518575032614
person,0.49430975270271266,0.5415463540818967,0.03891145690282105,0.15370381927490023
person,0.6106849567294119,0.33366203520033133,0.02926562472184481,0.11778703336362419
person,0.2961297821601227,0.6679444424664545,0.04370833547909948,0.16555555159957083
person,0.2938510846694309,0.5146852932682744,0.0356300257841743,0.1366666658189553
person,0.4327135412693028,0.07942153139467657,0.02123958253860394,0.11889767795139017
person,0.4545833329161009,0.08131434461805671,0.01968749916553521,0.11863057002315046
person,0.511364034434159,0.4308333364416061,0.03213541750113057,0.1615925988091345
person,0.0520832316080731,0.15823623812640175,0.024375203450521212,0.11387937729446937
person,0.192487530012926,0.504064065509371,0.03221464335918312,0.1406483856483717
person,0.21929707845052063,0.523516176718254,0.03890543619791629,0.1487916126957619
person,0.22768604993820193,0.48191134078414405,0.02327332464853867,0.11709398509838086
person,0.24837369836370213,0.5131395037615747,0.027158855060735062,0.12203580729166774
person,0.6313073629240196,0.047569986979167006,0.016895975848038702,0.06375578703703771
person,0.9214265847603478,0.1466760886863427,0.022916239182154047,0.09629597077546317
person,0.5497228599786754,0.5355849971064821,0.027356079657871745,0.1410151909722235
person,0.8332693582574523,0.281528320312501,0.03208152250448807,0.14036928530092793
person,0.38724746676286126,0.6772406684027784,0.03956785019238662,0.18764829282407544
person,0.66298209631443,0.5777181351273154,0.04118229158719314,0.15839706307870474
person,0.2010861409505212,0.07005593532986092,0.02222355143229248,0.09507642505786996
person,0.6635937500000002,0.04189814814814815,0.024583333333333714,0.0837962962962963
person,0.4902400754491481,0.18866315844500636,0.026647916197775304,0.1253003909640816
person,0.09097033691406267,0.7651324869791676,0.048038492838542,0.17780910011574266
person,0.12345514933268305,0.06462002655311962,0.02923553466797027,0.11166735345346145
