person,0.5696093749006588,0.3807824797453713,0.03338541646798454,0.14599059606481676
person,0.6182789407769846,0.2013333333333343,0.026973449587823238,0.11109259259259456
person,0.3684712015787768,0.20901352719907412,0.02663051350911605,0.13663961226851862
person,0.38567670730749803,0.1403384693287038,0.027573670148848883,0.12174898726851875
person,0.9517249755462011,0.442666213282833,0.043856201092402,0.1570749757554785
person,0.918138204614321,0.25123147667778895,0.03516145968437113,0.13749999039261368
person,0.942026042441527,0.15386579372264722,0.02676041821638743,0.11574988894992407
person,0.7305130342112652,0.08592438281023976,0.019890624629125615,0.12431790142294867
person,0.49548158669471687,0.5462870572408053,0.039255206267037934,0.1527778181853093
person,0.6112526243329047,0.3380416651125311,0.029651041309038815,0.11858333022506082
person,0.2964525768359495,0.6734814789383513,0.044916668971378235,0.1657407356544752
person,0.293574819286664,0.5185370730647337,0.03618223134676555,0.13555555527298468
person,0.4334218746026362,0.07780148654513933,0.020447915871937047,0.11932295283564903
person,0.4543749994635582,0.07911071325231608,0.019895832260449827,0.11800079571759516
person,0.5105410771965974,0.43490741221110124,0.032343751072882176,0.16225926886664307
person,0.05213531494140644,0.15811590364244255,0.02447937011718788,0.11363856365062558
person,0.19256569574276663,0.5032366821147765,0.032058474818864306,0.14040131561844177
person,0.21929707845052063,0.5229930475023071,0.03890543619791629,0.14867128018979403
person,0.22783972620964066,0.4812539152922461,0.022965971787770142,0.11742735460069577
person,0.24848567762970994,0.5127136501736118,0.027039063592750375,0.12203566261574195
person,0.6304011331697307,0.04706832320601885,0.01764601633946062,0.06375578703703771
person,0.9231139424244561,0.14765746166087965,0.022082783937453835,0.09629618778935194
person,0.5506019290685649,0.5272011718750005,0.02745202708244226,0.13941247106481575
person,0.8322350764870641,0.2778242549189825,0.032221617817877996,0.14129593460648351
person,0.3878151953617739,0.667722077546297,0.03843247405687826,0.1846484375000014
person,0.6635288896958029,0.5675422092013893,0.040880207777022545,0.15619335937500084
person,0.20359867350260466,0.06873681640624993,0.019406819661459362,0.09524345341435171
person,0.6635937500000002,0.04189814814814815,0.024583333333333714,0.0837962962962963
person,0.49034003478288574,0.19137536909315453,0.02676458291212569,0.12553221966778524
person,0.09320288085937506,0.7699841218171309,0.04824007161458345,0.17358731192129878
person,0.12323369344075596,0.06587389677542348,0.029470113118491112,0.11127072468510622
