person,0.5694869789878527,0.3761295572916677,0.03324479130903887,0.14690755208333534
person,0.6183153584798184,0.1981805193865751,0.02683803304036599,0.11187970196759466
person,0.368333109617234,0.20481913700810192,0.026667033036551224,0.1366395037615742
person,0.3857213544845585,0.13619026692708336,0.027588542302448775,0.12136020688657413
person,0.9526250203847885,0.44990740557070213,0.04421875007947283,0.15918518151177158
person,0.9188569141228989,0.25372684676558915,0.035494793415068907,0.1374907305682141
person,0.9437656052509943,0.15589346299348056,0.027260417858759448,0.11691677263047967
person,0.7305729978481933,0.08543977864583363,0.0198958329359679,0.12426859085648209
person,0.495955575426419,0.5523888905843113,0.039651019016900456,0.15329629968713565
person,0.6120963335633277,0.3426666653951012,0.02965104115009301,0.1192592567161272
person,0.2966660881439838,0.6789721467759886,0.045416608254113255,0.16546295674641684
person,0.293108683665593,0.5235416665253819,0.03648958412806108,0.13582407379150332
person,0.4339374995927021,0.07644973415798648,0.020057290852068733,0.11949867983217667
person,0.4545208480258783,0.07719869429976985,0.019942676683266984,0.11762112991898416
person,0.5100255335370693,0.4386897837320974,0.03244791766007591,0.1614352676956726
person,0.052067637125651246,0.1579168475115741,0.024479309082031664,0.11324037905092592
person,0.19260475826263473,0.5025035820007313,0.03198039054870492,0.1403612583301664
person,0.21929707845052063,0.5224537045514154,0.03890543619791629,0.14857407576949266
person,0.22791652365525578,0.48060579427083405,0.02281229535738589,0.11764026331018648
person,0.24852345836162643,0.5122043185763894,0.027015666723249863,0.12199869791666766
person,0.6296853433549406,0.04658130787037071,0.01759985337654702,0.06375578703703771
person,0.924431650817394,0.14880553747106492,0.022322367389996482,0.09629633246527797
person,0.5508253177007033,0.5197361111111114,0.02758854230244836,0.1383611111111117
person,0.8312883702317869,0.2740602032696769,0.03217187392711563,0.14184255642361304
person,0.38784121668338845,0.6578794126157413,0.03782834808031588,0.18174117476851986
person,0.6643231400251385,0.5583986725983799,0.0404791657924644,0.1547396918402784
person,0.20680955008665775,0.06780193872804999,0.018839233636857095,0.09521093764128502
person,0.4902885130246473,0.19472221600567974,0.02675520801544054,0.12625924682616943
person,0.09596829223632813,0.7769263961226864,0.048813415527343786,0.17266572627315066
person,0.12304246012369863,0.06755504918981606,0.029446329752605614,0.11144545717592841
