person,0.569494791507721,0.37374059606481586,0.03326041634877548,0.1469632523148168
person,0.6184012451171881,0.19631474247685288,0.026801676432293083,0.11162977430555757
person,0.36830704768498795,0.20260159866898161,0.02671907583872593,0.13642643229166695
person,0.3855572919050856,0.13409295428240747,0.02705208381016977,0.12114742476851867
person,0.9530364991029102,0.45370370144314315,0.044427083492278995,0.16022221770109793
person,0.9190417490005489,0.2551388843677665,0.03562500190734793,0.137388879846643
person,0.94487495970726,0.15660174221462683,0.027020834128061704,0.11698169623480917
person,0.7305730792284015,0.0851388165509262,0.0198958329359679,0.12427792245370424
person,0.495843647162119,0.556120372348363,0.039874957084654564,0.15427778173375742
person,0.6126562089920042,0.34510185072157146,0.029458332697550323,0.11953703477647513
person,0.29671820211410477,0.6816942963776775,0.04531238079070897,0.16509258581090636
person,0.2927806807359055,0.5266203700878005,0.036520834128060994,0.13664814758300722
person,0.43409895791610137,0.07590800419560226,0.020062499165533865,0.11946176938657486
person,0.4547708633144697,0.0763884910300939,0.01988535455862686,0.11755635127315077
person,0.5099214684963218,0.440435117368346,0.032447917461393715,0.16027793149594805
person,0.05197391764322939,0.15777795862268518,0.024427164713542122,0.11296260127314815
person,0.19260473791758254,0.5021841735839836,0.03198039054870492,0.14044473605685598
person,0.21929707845052063,0.5221759262084972,0.03890543619791629,0.14853703760217518
person,0.22791648296515157,0.4802863859953711,0.02281229535738589,0.11768648726851975
person,0.24850524946053895,0.5119079137731486,0.02705216558774168,0.12196180555555625
person,0.629422668417295,0.04634512442129664,0.01717867016792264,0.06375578703703771
person,0.9249056803782779,0.14946292679398168,0.022978678464889175,0.09629636863425967
person,0.5506091717878971,0.5164629629629632,0.027677083810169378,0.13811111111111166
person,0.8308588048617039,0.27214818431713056,0.032052082379658134,0.14192585358796486
person,0.3875833737055467,0.6527960431134266,0.03779191017150764,0.18033383969907538
person,0.6648439936637873,0.5543430989583337,0.04022916571299137,0.15438787615740796
person,0.20876416039466902,0.06752662051165553,0.019680013497671418,0.09509490768997744
person,0.4901870115995401,0.19671295759413088,0.026687499761580233,0.12687035963270185
person,0.09761743164062504,0.7814428530092604,0.049285970052083405,0.17385503472222436
person,0.12296195475260485,0.06860926649305671,0.029305257161459715,0.11181850405092822
