person,0.5695026040275893,0.37135163483796396,0.03327604138851197,0.14701895254629838
person,0.618487131754558,0.19444896556713065,0.026765319824220174,0.11137984664352056
person,0.368280985752742,0.2003840603298613,0.026771118640900583,0.13621336082175964
person,0.38539322932561276,0.1319956416377316,0.026515625317890645,0.12093464265046316
person,0.9534479778210321,0.45749999731558433,0.04463541690508492,0.16125925389042434
person,0.919226583878199,0.25655092196994383,0.03575521039962706,0.13728702912507187
person,0.9459843141635257,0.15731002143577302,0.026781250397363957,0.11704661983913865
person,0.7305731606086097,0.08483785445601877,0.0198958329359679,0.12428725405092642
person,0.49573171889781886,0.5598518541124146,0.04009889515240861,0.15525926378037927
person,0.6132160844206809,0.3475370360480417,0.029265624245007397,0.1198148128368232
person,0.29677031608422566,0.6844164459793665,0.04520815332730456,0.1647222148753957
person,0.292452677806218,0.5296990736502191,0.03655208412806097,0.1374722213745113
person,0.43426041623950057,0.07536627423321804,0.020067707478999115,0.11942485894097311
person,0.45502087860306106,0.07557828776041797,0.0198280324339868,0.11749157262731742
person,0.5098174034555746,0.44218045100459463,0.03244791726271164,0.15912059529622333
person,0.05188019816080754,0.15763906973379632,0.024375020345052574,0.11268482349537037
person,0.19260471757253034,0.5018647651672359,0.03198039054870492,0.1405282137835457
person,0.21929707845052063,0.521898147865579,0.03890543619791629,0.14849999943485784
person,0.22791644227504737,0.47996697771990793,0.02281229535738589,0.11773271122685298
person,0.24848704055945148,0.5116115089699076,0.027088664452233503,0.12192491319444478
person,0.6291599934796495,0.046108940972222554,0.016757486959298025,0.06375578703703771
person,0.9253797099391617,0.15012031611689847,0.02363498953978199,0.09629640480324135
person,0.550393025875091,0.5131898148148151,0.02776562531789028,0.13786111111111157
person,0.8304292394916213,0.2702361653645843,0.03193229083220063,0.14200915075231663
person,0.387325530727705,0.6477126736111117,0.037755472262699465,0.17892650462963103
person,0.6653648473024364,0.5502875253182873,0.039979165633518575,0.15403606047453747
person,0.21071877070268036,0.06725130229526106,0.02052079335848568,0.09497887773866986
person,0.49008551017443286,0.19870369918258196,0.026619791507719863,0.12748147243923422
person,0.09926657104492193,0.7859593098958343,0.04975852457682303,0.17504434317129824
person,0.12288144938151106,0.06966348379629735,0.02916418457031377,0.11219155092592803
