person,0.5695104165474576,0.3689626736111121,0.03329166642824859,0.1470746527777798
person,0.6185730183919278,0.19258318865740842,0.026728963216147268,0.11112991898148347
person,0.36825492382049596,0.19816652199074103,0.02682316144307529,0.1360002893518524
person,0.38522916674613983,0.1298983289930557,0.02597916682561164,0.1207218605324077
person,0.9538594565391539,0.46129629318802534,0.04484375031789109,0.16229629007975066
person,0.9194114187558489,0.2579629595721212,0.035885418891906086,0.13718517840350075
person,0.9470936686197914,0.1580183006569193,0.02654166666666621,0.11711154344346816
person,0.730573241988818,0.08453689236111132,0.0198958329359679,0.12429658564814856
person,0.49561979063351885,0.5635833358764661,0.04032283322016272,0.15624074582700104
person,0.6137759598493574,0.34997222137451195,0.029072915792464706,0.12009259089717114
person,0.2968224300543466,0.6871385955810554,0.04510392586390027,0.16435184393988522
person,0.29212467487653043,0.5327777772126376,0.03658333412806088,0.1382962951660152
person,0.43442187456289977,0.07482454427083382,0.020072915792464247,0.11938794849537131
person,0.45527089389165254,0.07476808449074203,0.01977071030934668,0.11742679398148403
person,0.5097133384148271,0.4439257846408432,0.032447917064029434,0.15796325909649878
person,0.051786478678385685,0.1575001808449074,0.024322875976563033,0.11240704571759261
person,0.19260469722747814,0.5015453567504881,0.03198039054870492,0.14061169151023528
person,0.21929707845052063,0.5216203695226607,0.03890543619791629,0.14846296126754036
person,0.22791640158494317,0.479647569444445,0.02281229535738589,0.11777893518518626
person,0.248468831658364,0.5113151041666668,0.02712516331672532,0.12188802083333336
person,0.6288973185420038,0.04587275752314848,0.016336303750673645,0.06375578703703771
person,0.9258537395000457,0.15077770543981522,0.02429130061467468,0.09629644097222305
person,0.5501768799622848,0.5099166666666669,0.027854166825611298,0.13761111111111154
person,0.8299996741215383,0.26832414641203794,0.03181249928474313,0.14209244791666845
person,0.3870676877498632,0.642629304108797,0.03771903435389123,0.17751916956018657
person,0.6658857009410852,0.5462319516782409,0.03972916555404554,0.1536842447916671
person,0.21267338101069164,0.0669759840788666,0.021361573219300004,0.09486284778736229
person,0.48998400874932563,0.2006944407710331,0.026552083253859552,0.12809258524576664
person,0.10091571044921883,0.7904757667824083,0.05023107910156265,0.1762336516203719
person,0.12280094401041727,0.07071770109953798,0.02902311197916787,0.11256459780092783
