person,0.5695182290673259,0.3665737123842603,0.033307291467985084,0.14713035300926128
person,0.6186589050292975,0.1907174117476862,0.02669260660807424,0.11087999131944647
person,0.36822886188825,0.19594898365162072,0.026875204245249997,0.13578721788194512
person,0.38506510416666706,0.12780101634837981,0.025442708333332575,0.1205090784143522
person,0.9542709352572757,0.4650925890604665,0.04505208373069725,0.16333332626907712
person,0.9195962536334988,0.2593749971742985,0.03601562738418522,0.13708332768192966
person,0.9482030230760571,0.1587265798780655,0.026302082935968467,0.11717646704779765
person,0.7305733233690261,0.08423593026620388,0.0198958329359679,0.12430591724537071
person,0.4955078623692188,0.5673148176405178,0.04054677128791676,0.1572222278736229
person,0.6143358352780339,0.3524074067009822,0.02888020733992202,0.1203703689575192
person,0.29687454402446745,0.6898607451827443,0.04499969840049592,0.16398147300437477
person,0.2917966719468429,0.5358564807750562,0.03661458412806079,0.1391203689575192
person,0.43458333288629897,0.07428281430844959,0.02007812410592938,0.11935103804976953
person,0.4555209091802439,0.07395788122106609,0.01971338818470656,0.11736201533565067
person,0.5096092733740799,0.44567111827709177,0.0324479168653473,0.15680592289677406
person,0.051692759195963826,0.15736129195601853,0.024270731608073484,0.11212926793981481
person,0.19260467688242594,0.5012259483337402,0.03198039054870492,0.1406951692369249
person,0.21929707845052063,0.5213425911797425,0.03890543619791629,0.1484259231002229
person,0.22791636089483897,0.479328161168982,0.02281229535738589,0.11782515914351953
person,0.24845062275727656,0.5110186993634258,0.027161662181217138,0.12185112847222189
person,0.6286346436043582,0.04563657407407441,0.01591512054204903,0.06375578703703771
person,0.9263277690609295,0.15143509476273198,0.024947611689567377,0.09629647714120472
person,0.5499607340494785,0.5066435185185187,0.027942708333332195,0.13736111111111146
person,0.8295701087514553,0.2664121274594916,0.03169270773728575,0.1421757450810202
person,0.38680984477202146,0.6375459346064822,0.03768259644508305,0.1761118344907421
person,0.6664065545797342,0.5421763780381946,0.039479165474572635,0.15333242910879663
person,0.21462799131870297,0.06670066586247214,0.022202353080114298,0.09474681783605472
person,0.48988250732421834,0.20268518235948418,0.02648437499999924,0.128703698052299
person,0.10256484985351572,0.7949922236689821,0.05070363362630227,0.1774229600694458
person,0.12272043863932348,0.07177191840277862,0.02888203938802197,0.11293764467592761
