person,0.5695260415871941,0.36418475115740845,0.03332291650772158,0.14718605324074274
person,0.6187447916666673,0.188851634837964,0.026656250000001217,0.11063006365740946
person,0.368202799956004,0.19373144531250042,0.026927247047424708,0.13557414641203783
person,0.38490104158719424,0.1257037037037039,0.02490624984105351,0.12029629629629668
person,0.9546824139753975,0.4688888849329077,0.045260417143503415,0.16437036245840358
person,0.9197810885111488,0.26078703477647586,0.03614583587646436,0.13698147696035853
person,0.9493123775323229,0.1594348590992117,0.02606249920527072,0.11724139065212714
person,0.7305734047492344,0.08393496817129643,0.0198958329359679,0.12431524884259286
person,0.4953959341049188,0.5710462994045695,0.040770709355670814,0.15820370992024474
person,0.6148957107067105,0.3548425920274524,0.02868749888737933,0.12064814701786726
person,0.29692665799458834,0.6925828947844332,0.04489547093709157,0.1636111020688643
person,0.29146866901715535,0.5389351843374748,0.0366458341280607,0.1399444427490232
person,0.43474479120969817,0.07374108434606536,0.020083332419394515,0.11931412760416775
person,0.45577092446883527,0.07314767795139014,0.019656066060066438,0.11729723668981731
person,0.5095052083333326,0.44741645191334034,0.03244791666666516,0.15564858669704937
person,0.05159903971354197,0.15722240306712962,0.024218587239583936,0.11185149016203703
person,0.19260465653737374,0.5009065399169924,0.03198039054870492,0.14077864696361456
person,0.21929707845052063,0.5210648128368242,0.03890543619791629,0.14838888493290547
person,0.22791632020473476,0.4790087528935191,0.02281229535738589,0.11787138310185281
person,0.2484324138561891,0.5107222945601848,0.027198161045708956,0.12181423611111042
person,0.6283719686667126,0.04540039062500034,0.015493937333424412,0.06375578703703771
person,0.9268017986218133,0.15209248408564877,0.02560392276446007,0.09629651331018639
person,0.5497445881366724,0.5033703703703705,0.028031249841053096,0.13711111111111138
person,0.8291405433813724,0.2645001085069453,0.03157291618982837,0.14225904224537197
person,0.3865520017941797,0.6324625651041673,0.03764615853627487,0.17470449942129762
person,0.6669274082183833,0.5381208043981484,0.03922916539509972,0.1529806134259262
person,0.2165826016267143,0.06642534764607769,0.02304313294092859,0.09463078788474714
person,0.4897810058991111,0.2046759239479353,0.02641666674613893,0.12931481085883137
person,0.10421398925781261,0.7995086805555561,0.05117618815104189,0.1786122685185197
person,0.1226399332682297,0.07282613570601926,0.02874096679687607,0.1133106915509274
