person,0.5695338541070624,0.36179578993055656,0.033338541547458196,0.1472417534722242
person,0.6188306783040369,0.18698585792824177,0.02661989339192831,0.11038013599537239
person,0.368176738023758,0.1915139069733801,0.026979289849599415,0.1353610749421306
person,0.3847369790077213,0.12360639105902801,0.024369791348774504,0.12008351417824123
person,0.9550938926935193,0.4726851808053487,0.045468750556309584,0.1654073986477299
person,0.9199659233887987,0.2621990723786532,0.036276044368743376,0.1368796262387874
person,0.9504217319885885,0.16014313832035795,0.025822915474572977,0.11730631425645664
person,0.7305734861294426,0.08363400607638899,0.0198958329359679,0.12432458043981501
person,0.4952840058406187,0.5747777811686212,0.04099464742342492,0.1591851919668665
person,0.615455586135387,0.35727777735392263,0.02849479043483664,0.1209259250782152
person,0.2969787719647093,0.6953050443861222,0.04479124347368728,0.16324073113335386
person,0.2911406660874678,0.5420138878998935,0.036677084128060616,0.1407685165405271
person,0.43490624953309737,0.07319935438368112,0.020088540732859646,0.11927721715856594
person,0.4560209397574267,0.0723374746817142,0.019598743935426318,0.11723245804398394
person,0.5094011432925852,0.4491617855495889,0.032447916467982965,0.15449125049732482
person,0.05150532023112011,0.15708351417824074,0.024166442871094394,0.11157371238425927
person,0.19260463619232157,0.5005871315002447,0.03198039054870492,0.14086212469030412
person,0.21929707845052063,0.520787034493906,0.03890543619791629,0.14835184676558796
person,0.22791627951463056,0.4786893446180561,0.02281229535738589,0.11791760706018609
person,0.24841420495510164,0.510425889756944,0.027234659910200774,0.121777343749999
person,0.628109293729067,0.04516420717592627,0.015072754124800032,0.06375578703703771
person,0.9272758281826973,0.15274987340856552,0.026260233839352765,0.09629654947916809
person,0.5495284422238662,0.5000972222222224,0.028119791348774115,0.13686111111111132
person,0.8287109780112895,0.26258808955439894,0.031453124642370864,0.1423423394097238
person,0.38629415881633794,0.6273791956018526,0.03760972062746663,0.17329716435185316
person,0.6674482618570321,0.534065230758102,0.038979165315626695,0.15262879774305582
person,0.2185372119347256,0.06615002942968322,0.023883912801742912,0.09451475793343957
person,0.4896795044740039,0.2066666655363864,0.026348958492278623,0.1299259236653638
person,0.1058631286621095,0.8040251374421301,0.05164874267578151,0.17980157696759336
person,0.1225594278971359,0.07388035300925991,0.02859989420573017,0.1136837384259272
