person,0.5695416666269307,0.3594068287037047,0.03335416658719469,0.14729745370370578
person,0.6189165649414069,0.18512008101851954,0.026583536783855402,0.11013020833333538
person,0.36815067609151203,0.1892963686342598,0.027031332651774063,0.13514800347222328
person,0.3845729164282485,0.12150907841435213,0.02383333285649538,0.11987073206018573
person,0.9555053714116412,0.4764814766777899,0.04567708396911551,0.16644443483705632
person,0.9201507582664488,0.26361110998083054,0.03640625286102252,0.13677777551721632
person,0.9515310864448543,0.16085141754150417,0.02558333174387523,0.11737123786078613
person,0.7305735675096509,0.08333304398148156,0.0198958329359679,0.12433391203703718
person,0.49517207757631865,0.5785092629326728,0.04121858549117897,0.16016667401348836
person,0.6160154615640636,0.3597129626803929,0.028302081982293715,0.12120370313856325
person,0.2970308859348301,0.6980271939878111,0.044687016010282875,0.16287036019784318
person,0.29081266315778026,0.545092591462312,0.03670833412806059,0.14159259033203117
person,0.43506770785649657,0.0726576244212969,0.020093749046324896,0.11924030671296419
person,0.4562709550460181,0.07152727141203825,0.019541421810786257,0.11716767939815059
person,0.5092970782518379,0.45090711918583753,0.03244791626930089,0.1533339142976001
person,0.05141160074869826,0.15694462528935188,0.024114298502604846,0.11129593460648148
person,0.19260461584726934,0.500267723083497,0.03198039054870492,0.14094560241699386
person,0.21929707845052063,0.5205092561509878,0.03890543619791629,0.14831480859827065
person,0.22791623882452636,0.47836993634259295,0.02281229535738589,0.11796383101851932
person,0.2483959960540142,0.510129484953703,0.027271158774692595,0.12174045138888753
person,0.6278466187914215,0.04492802372685219,0.014651570916175416,0.06375578703703771
person,0.9277498577435811,0.1534072627314823,0.026916544914245576,0.09629658564814976
person,0.54931229631106,0.49682407407407414,0.028208332856495013,0.13661111111111124
person,0.8282814126412068,0.2606760706018526,0.03133333309491337,0.14242563657407553
person,0.38603631583849624,0.6222958260995377,0.03757328271865846,0.1718898292824088
person,0.6679691154956812,0.5300096571180556,0.0387291652361539,0.15227698206018528
person,0.22049182224273695,0.06587471121328875,0.024724692662557175,0.09439872798213199
person,0.4895780030488966,0.20865740712483752,0.026281250238418253,0.13053703647189616
person,0.10751226806640642,0.808541594328704,0.05212129720052115,0.18099088541666725
person,0.12247892252604212,0.07493457031250055,0.028458821614584226,0.11405678530092701
