person,0.6101190799077351,0.885170572916667,0.048220337549845144,0.19580700231481524
person,0.7370443735122687,0.739523187142832,0.04567387072245168,0.16102192405418259
person,0.7959613450368245,0.5628728470978914,0.041515382130940755,0.15844751711244942
person,0.6143594134648644,0.4876644241898161,0.033579015731811525,0.13304152199074315
person,0.3702493087450661,0.6151615306712965,0.03756486097971561,0.176936197916667
person,0.06388191922505712,0.8365577618634261,0.0686736691792809,0.15777336516203733
person,0.4082025141716006,0.44296151620370405,0.03214233303070125,0.1512991898148155
person,0.7866882289250698,0.41182061456751,0.03742048454284562,0.14742161107946436
person,0.9537061259746558,0.21845641637731608,0.030839579423269824,0.12116124131944699
person,0.9064330540100735,0.2320355179398161,0.032399392525355356,0.13141044560185444
person,0.918953836917877,0.13717784697921295,0.030217651049295687,0.09231909094916237
person,0.8892131969134006,0.08119579597755715,0.028405560493467517,0.12098751209400321
person,0.8547739476362866,0.06815707891958853,0.023598757902780793,0.10531589395028816
person,0.7306496109167742,0.10595373987268601,0.01896588850021234,0.12138881655092756
person,0.6389579874674483,0.15137825520833353,0.024646525065104896,0.12413237847222264
person,0.6212925039132443,0.17256796151620452,0.024605271498363616,0.12112333622685346
person,0.4971824648380281,0.24915813078703722,0.029659119129181198,0.12812818287037064
person,0.5792748209635422,0.10883546730324134,0.02542952473958439,0.1004031394675938
person,0.38285200993219987,0.24691254340277807,0.028588948249816504,0.12906380208333387
person,0.31237882494926505,0.3424549910933894,0.03205582698186351,0.1322117761682603
person,0.3118924130996068,0.24769980875651126,0.02541080276171369,0.08496645779079696
person,0.4256214803854626,0.12014706194842331,0.020132527828216833,0.12018735306351219
person,0.452588948567709,0.11674870667634187,0.022155436197917842,0.12133957191749856
person,0.5306951907475794,0.1754196325231482,0.026005127588906992,0.1257162905092594
person,0.4835731418132792,0.1200485026041672,0.01865018987655844,0.11234743923611219
person,0.39003500830043447,0.03738490852844079,0.020821340878804523,0.07476981705688159
person,0.2110194091796878,0.05154629629629738,0.021627848307292266,0.10309259259259476
person,0.14373313395182302,0.06816004774305569,0.029012898763021065,0.10901468460648175
person,0.06020259368419678,0.1720578561005769,0.025619135936100677,0.10998955479374639
person,0.1454853080908462,0.5302852647569445,0.03957982842127571,0.15876280381944463
person,0.19378023274739595,0.5218081958912046,0.03225203450520855,0.1370502748842611
person,0.21752209472656278,0.5423272620307076,0.034872477213542266,0.14742434466326684
person,0.23027215576171936,0.5030811309814454,0.023247355143230366,0.11085482562029807
person,0.25202678449948657,0.5310607458043981,0.028137634754181504,0.12179741753472229
person,0.6881346266667054,0.04814019549334599,0.019615770260492955,0.09308884006076605
person,0.6675659804940217,0.07715943696763808,0.014987104217210263,0.06600651861120208
person,0.8383687835534412,0.07025278444643374,0.017924090544382428,0.10100759435583044
person,0.9746835604580963,0.6618128551136374,0.043377722537878326,0.16836082175926123
person,0.4834421364466351,0.03715408113267687,0.019280594507853265,0.07430816226535374
