person,0.5695572916666672,0.35462890625000104,0.033385416666667805,0.14740885416666868
person,0.6190883382161464,0.18138852719907508,0.02651082356770947,0.10963035300926129
person,0.3680985522270201,0.1848612919560192,0.02713541825612348,0.13472186053240875
person,0.3842447912693027,0.11731445312500034,0.022760415871937313,0.11944516782407476
person,0.9563283288478848,0.4840740684226721,0.04609375079472784,0.16851850721570913
person,0.9205204280217486,0.2664351851851852,0.036666669845580674,0.13657407407407407
person,0.9537497953573857,0.16226797598379664,0.02510416428247974,0.11750108506944512
person,0.7305737302700672,0.08273111979166667,0.0198958329359679,0.12435257523148148
person,0.4949482210477186,0.5859722264607761,0.04166646162668712,0.16212963810673198
person,0.6171352124214167,0.36458333333333337,0.027916665077208334,0.12175925925925926
person,0.29713511387507197,0.703471493191189,0.044478561083474234,0.16212961832682224
person,0.29015665729840523,0.5512499985871492,0.03677083412806041,0.14324073791503908
person,0.435390624503295,0.07157416449652845,0.020104165673255164,0.1191664858217606
person,0.4567709856232009,0.06990686487268637,0.019426777561506015,0.11703812210648384
person,0.5090889481703432,0.4543977864583347,0.03244791587193655,0.15101924189815086
person,0.05122416178385455,0.1566668475115741,0.024010009765625756,0.11074037905092593
person,0.19260457515716495,0.4996289062500014,0.03198039054870492,0.14111255787037308
person,0.21929707845052063,0.5199536994651512,0.03890543619791629,0.1482407322636357
person,0.22791615744431795,0.47773111979166705,0.02281229535738589,0.11805627893518586
person,0.24835957825183924,0.5095366753472212,0.02734415650367623,0.12166666666666465
person,0.6273212689161303,0.04445565682870404,0.01380920449892642,0.06375578703703771
person,0.9286979168653487,0.15472204137731582,0.028229167064030964,0.09629665798611313
person,0.5488800044854476,0.4902777777777778,0.028385415871936933,0.13611111111111113
person,0.827422281901041,0.25685203269675994,0.031093749999998484,0.14259223090277914
person,0.38552062988281266,0.6121290870949081,0.03750040690104205,0.16907515914351987
person,0.669010822772979,0.5218985098379629,0.03822916507720796,0.15157335069444444
person,0.22440104285875956,0.06532407478049983,0.02640625238418579,0.09416666807951683
person,0.48937500019868213,0.21263889030173974,0.02614583373069763,0.13175926208496094
person,0.1108105468750002,0.8175745081018518,0.05306640625000038,0.18336950231481483
person,0.12231791178385454,0.07704300491898182,0.028176676432292425,0.1148028790509266
