person,0.5695416666666672,0.35193449783325276,0.03335416666666771,0.14651982031928334
person,0.6193279419541364,0.17965239800347313,0.02655244966348107,0.10910261140046479
person,0.36786945668856286,0.18276873553240808,0.02698952372868823,0.13436993634259395
person,0.3842082923054698,0.11565706380208363,0.022833251277604976,0.11892661313657467
person,0.9569247439702346,0.4872083281057866,0.04606770896911539,0.1687129525078642
person,0.920853801846504,0.2688796299121998,0.03657291944821637,0.13725925982439952
person,0.9543409005999559,0.16327728921395798,0.0251197894811618,0.11718616118254532
person,0.7305737302700672,0.0828700451321073,0.0198958329359679,0.12427842938458458
person,0.4953205661773674,0.5898611146432395,0.0414946072896307,0.16296297002721444
person,0.617335753679275,0.3675601854677554,0.028536456902820834,0.12193518575032546
person,0.29696066502730123,0.7071058072690608,0.04453591338793288,0.1616389148853439
person,0.2900628463824583,0.5546296464425549,0.036958375056583274,0.14372218351010943
person,0.4355520828266942,0.07103243453414422,0.020109373986720296,0.11912957537615883
person,0.4570210009117923,0.06909666160301042,0.019369455436865895,0.11697334346065048
person,0.5090393876632048,0.4573654149373385,0.032651122331617974,0.15093583566171392
person,0.051104359944661816,0.15687051504629634,0.0239162801106778,0.11046267361111119
person,0.1925769811511034,0.49965669852362876,0.03203559478918597,0.14105697343614626
person,0.219263203938802,0.5199536994651512,0.039035725911457854,0.1482407322636357
person,0.22791615744431795,0.47782834201388935,0.02281229535738589,0.11806553819444532
person,0.24835955790678707,0.5096339340209953,0.02734415650367623,0.12167592649106428
person,0.6267406719724339,0.04457445384838004,0.013825093944866987,0.0642885199652786
person,0.9293776856462159,0.15613409656948618,0.028276041865348725,0.09704662195841626
person,0.5492524410088853,0.48795838758680565,0.028057290871936993,0.13671285445601855
person,0.8270680746038748,0.2546437355324081,0.03097916678587443,0.14191623263889025
person,0.38568469238281267,0.6095133282696766,0.03782853190104198,0.17058445457176075
person,0.669010822772979,0.5191021773726853,0.03822916507720796,0.15270305266203718
person,0.22637496026357015,0.0654490747098574,0.0268437519073486,0.09399074201230617
person,0.48929948951800667,0.21491666779694749,0.026317688345909217,0.13227778003833887
person,0.11177734375000019,0.823017795138889,0.05306640625000038,0.18464959490740745
person,0.12228783162434931,0.07790939670138919,0.02821600341796945,0.11497750289351912
