person,0.5695260416666671,0.3492400894165045,0.033322916666667625,0.14563078647189792
person,0.6195675456921265,0.1779162688078712,0.02659407575925267,0.10857486979166828
person,0.3676403611501057,0.180676179108797,0.026843629201252977,0.13401801215277917
person,0.3841717933416369,0.11399967447916694,0.022906086683272698,0.11840805844907461
person,0.9575211590925848,0.490342587788901,0.046041667143503065,0.16890739780001915
person,0.9211871756712594,0.2713240746392145,0.036479169050852175,0.13794444557472502
person,0.9549320058425261,0.16428660244411933,0.025135414679843867,0.11687123729564554
person,0.7305737302700672,0.08300897047254795,0.0198958329359679,0.12420428353768768
person,0.4956929113070163,0.593750002825703,0.04132275295257427,0.16379630194769698
person,0.6175362949371334,0.37053703760217743,0.029156248728433334,0.12211111224139165
person,0.2967862161795305,0.7107401213469328,0.044593265692391644,0.16114821144386557
person,0.2899690354665114,0.5580092942979604,0.03714591598510613,0.14420362910517992
person,0.4357135411500934,0.07049070457176,0.020114582300185428,0.11909266493055702
person,0.45727101620038374,0.06828645833333448,0.01931213331222577,0.1169085648148171
person,0.5089898271560663,0.4603330434163423,0.03285432879129946,0.15085242942527688
person,0.05098455810546909,0.1570741825810186,0.02382255045572985,0.11018496817129644
person,0.19254938714504186,0.49968449079725613,0.03209079902966702,0.1410013890019195
person,0.21922932942708334,0.5199536994651512,0.039166015624999384,0.1482407322636357
person,0.22791615744431795,0.4779255642361117,0.02281229535738589,0.11807479745370483
person,0.24835953756173487,0.5097311926947694,0.02734415650367623,0.1216851863154638
person,0.6261600750287376,0.044693250868056034,0.013840983390807556,0.06482125289351946
person,0.9300574544270832,0.15754615176165654,0.028322916666666368,0.0977965859307194
person,0.5496248775323226,0.48563899739583344,0.027729165871936936,0.137314597800926
person,0.8267138673067087,0.2524354383680562,0.030864583571750495,0.14124023437500136
person,0.3858487548828126,0.6068975694444453,0.03815665690104198,0.17209375000000163
person,0.669010822772979,0.5163058449074076,0.03822916507720796,0.15383275462962992
person,0.2283488776683807,0.06557407463921495,0.02728125143051141,0.0938148159450955
person,0.4892239788373312,0.21719444529215523,0.026489542961120802,0.13279629799171677
person,0.11274414062500017,0.828461082175926,0.053066406250000364,0.1859296875000001
person,0.12225775146484408,0.07877578848379657,0.028255330403646525,0.11515212673611167
