person,0.569510416666667,0.3465456809997563,0.03329166666666741,0.14474175262451253
person,0.6198071494301165,0.17618013961226922,0.02663570185502427,0.10804712818287181
person,0.3674112656116484,0.17858362268518585,0.026697734673817662,0.13366608796296428
person,0.38413529437780414,0.11234228515625025,0.02297892208894042,0.11788950376157456
person,0.9581175742149348,0.49347684747201553,0.046015625317890496,0.16910184309217416
person,0.9215205494960147,0.27376851936622915,0.03638541865348787,0.1386296313250504
person,0.9555231110850964,0.16529591567428067,0.02515103987852617,0.11655631340874573
person,0.7305737302700672,0.08314789581298859,0.0198958329359679,0.12413013769079076
person,0.49606525643666516,0.5976388910081666,0.04115089861551778,0.16462963386817944
person,0.6177368361949916,0.37351388973659955,0.029776040554045834,0.12228703873245785
person,0.29661176733175976,0.7143744354248047,0.04465061799685029,0.160657508002387
person,0.28987522455056447,0.5613889421533659,0.03733345691362899,0.1446850747002504
person,0.4358749994734926,0.06994897460937578,0.020119790613650677,0.11905575448495527
person,0.4575210314889751,0.06747625506365854,0.01925481118758571,0.11684378616898375
person,0.508940266648928,0.46330067189534613,0.03305753525098094,0.15076902318883997
person,0.050864756266276366,0.15727785011574083,0.02372882080078189,0.10990726273148169
person,0.1925217931389803,0.4997122830708835,0.03214600327014807,0.14094580456769268
person,0.21919545491536466,0.5199536994651512,0.03929630533854095,0.1482407322636357
person,0.22791615744431795,0.47802278645833396,0.02281229535738589,0.1180840567129642
person,0.24835951721668265,0.5098284513685435,0.02734415650367623,0.12169444613986348
person,0.6255794780850413,0.044812047887732014,0.01385687283674836,0.06535398582176034
person,0.9307372232079504,0.1589582069538269,0.028369791467984247,0.09854654990302254
person,0.5499973140557602,0.48331960720486117,0.027401040871937118,0.1379163411458336
person,0.8263596600095428,0.25022714120370443,0.030750000357626442,0.14056423611111246
person,0.3860128173828127,0.6042818106192139,0.03848478190104192,0.1736030454282425
person,0.669010822772979,0.5135095124421298,0.03822916507720796,0.1549624565972226
person,0.23032279507319128,0.0656990745685725,0.027718750953674192,0.09363888987788481
person,0.48914846815665575,0.21947222278736297,0.026661397576332273,0.1333148159450947
person,0.1137109375000002,0.8339043692129631,0.05306640625000039,0.18720978009259284
person,0.12222767130533886,0.07964218026620394,0.02829465738932355,0.11532675057870417
