person,0.569494791666667,0.34385127258300807,0.033260416666667326,0.1438527187771271
person,0.6200467531681065,0.1744440104166673,0.02667732795079587,0.10751938657407528
person,0.3671821700731912,0.17649106626157476,0.02655184014638241,0.13331416377314947
person,0.3840987954139712,0.11068489583333353,0.023051757494608142,0.11737094907407448
person,0.958713989337285,0.49661110715512996,0.04598958349227816,0.1692962883843291
person,0.9218539233207701,0.2762129640932438,0.03629166825612368,0.1393148170753759
person,0.9561142163276666,0.16630522890444202,0.02516666507720823,0.11624138952184594
person,0.7305737302700672,0.08328682115342922,0.0198958329359679,0.12405599184389386
person,0.49643760156631406,0.60152777919063,0.04097904427846135,0.165462965788662
person,0.61793737745285,0.37649074187102155,0.030395832379658334,0.12246296522352404
person,0.296437318483989,0.7180087495026766,0.044707970301309054,0.16016680456090868
person,0.2897814136346176,0.5647685900087714,0.03752099784215185,0.14516652029532087
person,0.4360364577968918,0.06940724464699156,0.020124998927115813,0.11901884403935346
person,0.4577710467775666,0.06666605179398259,0.01919748906294559,0.11677900752315037
person,0.5088907061417896,0.4662683003743499,0.03326074171066242,0.15068561695240293
person,0.050744954427083634,0.1574815176504631,0.023635091145833946,0.10962955729166694
person,0.1924941991329187,0.49974007534451087,0.032201207510629125,0.14089022013346597
person,0.219161580403646,0.5199536994651512,0.039426595052082486,0.1482407322636357
person,0.22791615744431795,0.4781200086805563,0.02281229535738589,0.11809331597222371
person,0.24835949687163045,0.5099257100423176,0.02734415650367623,0.121703705964263
person,0.6249988811413449,0.044930844907408014,0.01387276228268893,0.06588671875000121
person,0.9314169919888177,0.16037026214599726,0.02841666626930189,0.09929651387532568
person,0.5503697505791976,0.481000217013889,0.02707291587193706,0.13851808449074104
person,0.8260054527123767,0.24801884403935254,0.030635417143502507,0.13988823784722357
person,0.38617687988281263,0.6016660517939825,0.038812906901041916,0.17511234085648336
person,0.669010822772979,0.5107131799768522,0.03822916507720796,0.15609215856481534
person,0.23229671247800182,0.06582407449793005,0.028156250476837,0.09346296381067414
person,0.4890729574759803,0.2217500002825707,0.02683325219154386,0.13383333389847257
person,0.11467773437500019,0.8393476562500001,0.05306640625000038,0.1884898726851855
person,0.12219759114583363,0.08050857204861132,0.028333984375000624,0.11550137442129672
