person,0.569479166666667,0.3411568641662598,0.03322916666666723,0.14296368492974176
person,0.6202863569060966,0.17270788122106534,0.02671895404656747,0.1069916449652788
person,0.36695307453473397,0.17439850983796365,0.026405945618947158,0.1329622395833347
person,0.3840622964501383,0.10902750651041684,0.023124592900275805,0.11685239438657441
person,0.9593104044596349,0.4997453668382445,0.04596354166666572,0.1694907336764842
person,0.9221872971455255,0.2786574088202584,0.03619791785875937,0.14000000282570135
person,0.9567053215702368,0.16731454213460337,0.025182290275890296,0.11592646563494614
person,0.7305737302700672,0.08342574649386987,0.0198958329359679,0.12398184599699696
person,0.49680994669596285,0.6054166673730934,0.04080718994140492,0.16629629770914445
person,0.6181379187107083,0.3794675940054436,0.031015624205270834,0.12263889171459023
person,0.29626286963621834,0.7216430635805485,0.0447653226057677,0.1596761011194303
person,0.28968760271867067,0.5681482378641771,0.03770853877067471,0.14564796589039125
person,0.436197916120291,0.06886551468460733,0.020130207240580945,0.11898193359375168
person,0.45802106206615795,0.06585584852430665,0.019140166938305468,0.11671422887731701
person,0.5088411456346511,0.46923592885335375,0.033463948170343844,0.150602210715966
person,0.05062515258789091,0.15768518518518537,0.023541361490885985,0.1093518518518522
person,0.19246660512685718,0.49976786761813824,0.03225641175111017,0.14083463569923912
person,0.21912770589192737,0.5199536994651512,0.03955688476562405,0.1482407322636357
person,0.22791615744431795,0.4782172309027786,0.02281229535738589,0.11810257523148317
person,0.24835947652657828,0.5100229687160917,0.02734415650367623,0.12171296578866263
person,0.6244182841976487,0.04504964192708401,0.013888651728629497,0.06641945167824209
person,0.9320967607696848,0.16178231733816759,0.02846354107061965,0.1000464778476288
person,0.5507421871026352,0.47868082682291685,0.02674479087193712,0.1391198278356485
person,0.8256512454152106,0.24581054687500067,0.030520833929378453,0.13921223958333467
person,0.3863409423828126,0.599050292968751,0.03914103190104186,0.17662163628472424
person,0.669010822772979,0.5079168475115744,0.03822916507720796,0.15722186053240808
person,0.23427062988281241,0.06594907442728763,0.02859374999999981,0.09328703774346347
person,0.4889974467953048,0.22402777777777846,0.027005106806755445,0.1343518518518505
person,0.11564453125000018,0.8447909432870372,0.05306640625000038,0.18976996527777812
person,0.1221675109863284,0.08137496383101869,0.028373311360677653,0.11567599826388923
