person,0.5694635416666668,0.3384624557495115,0.033197916666667146,0.1420746510823564
person,0.6205259606440866,0.17097175202546339,0.02676058014233907,0.10646390335648229
person,0.36672397899627673,0.1723059534143525,0.026260051091511905,0.1326103153935199
person,0.3840257974863054,0.10737011718750014,0.023197428305943468,0.11633383969907433
person,0.9599068195819849,0.502879626521359,0.04593749984105327,0.16968517896863927
person,0.9225206709702809,0.2811018535472731,0.03610416746139507,0.14068518857602677
person,0.957296426812807,0.1683238553647647,0.02519791547457236,0.11561154174804633
person,0.7305737302700672,0.0835646718343105,0.0198958329359679,0.12390770015010007
person,0.4971822918256117,0.6093055555555569,0.040635335604348496,0.1671296296296269
person,0.6183384599685666,0.38244444613986567,0.03163541603088334,0.12281481820565643
person,0.2960884207884476,0.7252773776584205,0.044822674910226346,0.15918539767795198
person,0.28959379180272377,0.5715278857195828,0.037896079699197574,0.14612941148546163
person,0.4363593744436902,0.0683237847222231,0.020135415554046077,0.1189450231481499
person,0.4582710773547493,0.0650456452546307,0.01908284481366535,0.11664945023148365
person,0.5087915851275127,0.4722035573323575,0.033667154630025266,0.1505188044795291
person,0.050505350748698184,0.15788885271990763,0.023447631835938024,0.10907414641203744
person,0.19243901112079562,0.4997956598917656,0.03231161599159123,0.1407790512650123
person,0.21909383138020871,0.5199536994651512,0.039687174479165616,0.1482407322636357
person,0.22791615744431795,0.478314453125001,0.02281229535738589,0.11811183449074263
person,0.24835945618152608,0.5101202273898656,0.02734415650367623,0.12172222561306226
person,0.6238376872539523,0.04516843894676,0.013904541174570066,0.06695218460648297
person,0.9327765295505519,0.16319437253033794,0.028510415871937412,0.10079644181993191
person,0.5511146236260729,0.4763614366319447,0.026416665871937185,0.13972157118055592
person,0.8252970381180446,0.2436022497106488,0.0304062507152544,0.13853624131944578
person,0.3865050048828126,0.5964345341435195,0.039469156901041795,0.17813093171296512
person,0.669010822772979,0.5051205150462967,0.03822916507720796,0.15835156250000082
person,0.23624454728762298,0.0660740743566452,0.02903124952316262,0.09311111167625281
person,0.4889219361146293,0.2263055552729862,0.02717696142196703,0.13487036980522846
person,0.11661132812500018,0.8502342303240743,0.05306640625000038,0.19105005787037077
person,0.12213743082682317,0.08224135561342606,0.028412638346354678,0.11585062210648174
