person,0.5694479166666668,0.3357680473327632,0.03316666666666705,0.141185617234971
person,0.6207655643820766,0.16923562282986143,0.02680220623811067,0.10593616174768578
person,0.36649488345781955,0.1702133969907414,0.02611415656407665,0.13225839120370503
person,0.38398929852247243,0.10571272786458344,0.02327026371161119,0.11581528501157426
person,0.9605032347043351,0.5060138862044734,0.04591145801544094,0.16987962426079423
person,0.9228540447950363,0.28354629827428773,0.036010417064030874,0.14137037432635227
person,0.9578875320553772,0.16933316859492606,0.025213540673254424,0.11529661786114656
person,0.7305737302700672,0.08370359717475113,0.0198958329359679,0.12383355430320317
person,0.4975546369552606,0.6131944437380203,0.040463481267292066,0.16796296155010945
person,0.618539001226425,0.3854212982742877,0.032255207856495834,0.12299074469672262
person,0.29591397194067687,0.7289116917362923,0.04488002721468511,0.15869469423647364
person,0.28949998088677686,0.5749075335749884,0.03808362062772043,0.14661085708053212
person,0.4365208327670895,0.06778205475983887,0.02014062386751121,0.1189081127025481
person,0.45852109264334073,0.06423544198495476,0.01902552268902523,0.11658467158565027
person,0.5087420246203742,0.47517118581136136,0.03387036108970675,0.15043539824309204
person,0.05038554890950545,0.1580925202546299,0.02335390218099008,0.1087964409722227
person,0.19241141711473406,0.49982345216539303,0.032366820232072276,0.14072346683078554
person,0.21905995686849006,0.5199536994651512,0.03981746419270715,0.1482407322636357
person,0.22791615744431795,0.47841167534722334,0.02281229535738589,0.11812109375000214
person,0.24835943583647388,0.5102174860636397,0.02734415650367623,0.12173148543746178
person,0.623257090310256,0.045287235966436,0.013920430620510633,0.06748491753472384
person,0.9334562983314193,0.1646064277225083,0.02855729067325505,0.10154640579223505
person,0.5514870601495102,0.4740420464409725,0.026088540871937127,0.14032331452546337
person,0.8249428308208785,0.24139395254629695,0.030291667501130465,0.13786024305555689
person,0.38666906738281254,0.5938187753182882,0.039797281901041794,0.179640227141206
person,0.669010822772979,0.5023241825810191,0.03822916507720796,0.15948126446759356
person,0.23821846469243355,0.06619907428600276,0.02946874904632543,0.09293518560904213
person,0.48884642543395385,0.22858333276819395,0.027348816037178616,0.13538888775860633
person,0.11757812500000017,0.8556775173611113,0.053066406250000364,0.1923301504629634
person,0.12210735066731794,0.08310774739583345,0.028451965332031752,0.11602524594907429
