person,0.5694322916666668,0.33307363891601505,0.03313541666666685,0.14029658338758558
person,0.6210051681200668,0.16749949363425945,0.02684383233388227,0.10540842013888932
person,0.3662657879193623,0.16812084056713034,0.025968262036641338,0.13190646701389025
person,0.38395279955863965,0.10405533854166674,0.02334309911727891,0.11529673032407423
person,0.9610996498266849,0.5091481458875879,0.045885416189828374,0.17007406955294924
person,0.9231874186197916,0.28599074300130234,0.03591666666666657,0.1420555600766777
person,0.9584786372979475,0.1703424818250874,0.025229165871936726,0.11498169397424673
person,0.7305737302700672,0.0838425225151918,0.0198958329359679,0.12375940845630624
person,0.49792698208490943,0.6170833319204839,0.04029162693023558,0.1687962934705919
person,0.6187395424842833,0.3883981504087098,0.03287499968210833,0.12316667118778882
person,0.29573952309290613,0.7325460058141643,0.04493737951914376,0.1582039907949951
person,0.28940616997082996,0.5782871814303938,0.03827116155624329,0.14709230267560258
person,0.4366822910904887,0.06724032479745465,0.02014583218097646,0.11887120225694635
person,0.45877110793193215,0.06342523871527883,0.018968200564385165,0.11651989293981692
person,0.5086924641132358,0.4781388142903651,0.03407356754938823,0.1503519920066551
person,0.05026574707031273,0.15829618778935212,0.02326017252604212,0.10851873553240794
person,0.1923838231086725,0.49985124443902035,0.032422024472553324,0.14066788239655875
person,0.21902608235677137,0.5199536994651512,0.03994775390624872,0.1482407322636357
person,0.22791615744431795,0.4785088975694456,0.02281229535738589,0.1181303530092615
person,0.24835941549142165,0.5103147447374138,0.02734415650367623,0.12174074526186145
person,0.6226764933665597,0.04540603298611198,0.013936320066451438,0.06801765046296472
person,0.9341360671122864,0.16601848291467866,0.028604165474572934,0.1022963697645382
person,0.5518594966729479,0.4717226562500003,0.025760415871937305,0.140925057870371
person,0.8245886235237125,0.23918565538194514,0.03017708428700641,0.13718424479166802
person,0.38683312988281254,0.5912030164930568,0.04012540690104173,0.18114952256944689
person,0.669010822772979,0.49952785011574125,0.03822916507720796,0.16061096643518624
person,0.2401923820972441,0.0663240742153603,0.02990624856948821,0.09275925954183144
person,0.4887709147532784,0.2308611102634017,0.027520670652390083,0.13590740571198426
person,0.1185449218750002,0.8611208043981484,0.05306640625000039,0.19361024305555613
person,0.12207727050781274,0.0839741391782408,0.028491292317708777,0.1161998697916668
