person,0.5694166666666668,0.3303792304992668,0.033104166666666754,0.13940754954020018
person,0.6212447718580568,0.16576336443865752,0.02688545842965387,0.10488067853009281
person,0.36603669238090514,0.16602828414351922,0.025822367509206086,0.13155454282407542
person,0.38391630059480675,0.10239794921875003,0.023415934522946637,0.11477817563657415
person,0.9616960649490351,0.5122824055707024,0.04585937436421605,0.1702685148451042
person,0.923520792444547,0.288435187728317,0.035822916269302375,0.14274074582700316
person,0.9590697425405177,0.17135179505524878,0.025244791070618788,0.11466677008734696
person,0.7305737302700672,0.08398144785563243,0.0198958329359679,0.12368526260940935
person,0.49829932721455833,0.6209722201029474,0.04011977259317915,0.16962962539107446
person,0.6189400837421417,0.39137500254313184,0.033494791507720834,0.12334259767885501
person,0.2955650742451354,0.7361803198920361,0.04499473182360252,0.15771328735351672
person,0.2893123590548831,0.5816668292857995,0.03845870248476615,0.14757374827067307
person,0.43684374941388787,0.06669859483507043,0.020151040494441594,0.11883429181134454
person,0.4590211232205236,0.06261503544560289,0.018910878439745045,0.11645511429398353
person,0.5086429036060973,0.4811064427693689,0.03427677400906971,0.1502685857702181
person,0.05014594523112,0.15849985532407437,0.02316644287109417,0.1082410300925932
person,0.19235622910261094,0.4998790367126478,0.03247722871303438,0.14061229796233204
person,0.21899220784505274,0.5199536994651512,0.040078043619790255,0.1482407322636357
person,0.22791615744431795,0.4786061197916679,0.02281229535738589,0.11813961226852102
person,0.24835939514636948,0.5104120034111879,0.02734415650367623,0.12175000508626098
person,0.6220958964228633,0.045524830005787977,0.013952209512392007,0.06855038339120559
person,0.9348158358931538,0.16743053810684902,0.028651040275890573,0.10304633373684133
person,0.5522319331963852,0.4694032660590281,0.02543229087193725,0.1415268012152784
person,0.8242344162265464,0.23697735821759328,0.03006250107288248,0.13650824652777913
person,0.38699719238281255,0.5885872576678254,0.04045353190104173,0.18265881799768774
person,0.669010822772979,0.4967315176504636,0.03822916507720796,0.16174066840277898
person,0.24216629950205468,0.06644907414471786,0.03034374809265102,0.09258333347462076
person,0.4886954040726029,0.23313888775860944,0.027692525267601673,0.13642592366536213
person,0.11951171875000019,0.8665640914351854,0.05306640625000038,0.19489033564814867
person,0.12204719034830751,0.08484053096064818,0.02853061930338585,0.11637449363425935
