person,0.6089105939070384,0.8787251157407412,0.047845601876576535,0.1933645833333342
person,0.7325843826135005,0.7395138548391845,0.049276512622832294,0.16056055111355416
person,0.7967402195930481,0.5648660645661532,0.04162415663401286,0.15809873792860246
person,0.6141335635979974,0.48373940248842706,0.03402917146682777,0.13111378761574283
person,0.3700389204422633,0.6095041956018522,0.037245809634526596,0.17513975694444525
person,0.06437841939926178,0.8384728732638892,0.06734733359019023,0.15890610532407465
person,0.4080988053878151,0.4389744285300929,0.031697285254797036,0.1498289207175932
person,0.7873656946023311,0.41581715506094513,0.038027775923410445,0.1486395184552236
person,0.9538022259076441,0.22029806857639012,0.030565877596538133,0.12129275173611355
person,0.9068283069133758,0.2336207320601864,0.03218688726425173,0.13149927662037278
person,0.9191053872505823,0.13846184539795003,0.03001863582928988,0.09210974403663756
person,0.889129806021849,0.08153583385326245,0.028478362043697084,0.12035320705837672
person,0.8551468534072242,0.06828469287024713,0.022978765408197786,0.10548648643493869
person,0.730471387227377,0.10556054687500062,0.019088607788084626,0.12102705439814938
person,0.6388434041341149,0.1498865017361115,0.02441735839843808,0.12437514467592674
person,0.6213427859346079,0.1709124710648154,0.024920679291090646,0.12106394675926048
person,0.49727272061506916,0.25072601996527805,0.02968053237597168,0.12828870081018573
person,0.5792002766927088,0.10951229745370426,0.025078613281250856,0.09971614583333442
person,0.38213580310344697,0.2456308232060191,0.02900020321210229,0.13044205729166777
person,0.31222387701273024,0.3430673534252034,0.03225089530150213,0.13088658763744374
person,0.3119083359837532,0.2491162374990964,0.025453227957089788,0.08495874814633851
person,0.42520846563577674,0.11939225175645637,0.0198855185111368,0.12069697457772673
person,0.4524897054036465,0.11609114399662725,0.02223933919270961,0.12114604667381004
person,0.5307003786563876,0.1776450014467594,0.026151082833607297,0.12652481192129658
person,0.48400645548105325,0.1189609375000004,0.018495902498564948,0.11252256944444525
person,0.21162327067057313,0.05133333333333414,0.021482625325521275,0.10266666666666828
person,0.14556563313802107,0.06629649522569472,0.0303687337239588,0.10853772424768572
person,0.05991083836555503,0.17173902652881765,0.025609477837879997,0.10998955479374638
person,0.14463923597335848,0.5333651258680557,0.03890575059255033,0.15989937789351882
person,0.19352919514973982,0.5213297887731491,0.0322541097005213,0.13700708912037218
person,0.21717950439453168,0.5420167202419705,0.03495349121093835,0.14771688955801504
person,0.23014819335937564,0.502646541595459,0.02280777994791796,0.11094195471869571
person,0.2519216870864235,0.5307801649305556,0.028539419094721935,0.12201822916666664
person,0.6878663370410607,0.0477718132866765,0.019674853444099107,0.09314996337890855
person,0.6670738101800278,0.07666461322925729,0.01500251944859734,0.06565489196777384
person,0.8383831690947213,0.07031694765444155,0.01794268910090106,0.10072576452184605
person,0.9738157607569836,0.6577857842750432,0.04407687100497112,0.16767758969907617
person,0.4835060306390128,0.03715408113267687,0.019408464272817127,0.07430816226535374
