person,0.5692525939941406,0.3249765431439427,0.03302606201171881,0.1377684798064039
person,0.6215703232089682,0.162416160300926,0.027098939061164274,0.10413064236111126
person,0.3658075968424479,0.16176434100115802,0.025676472981770834,0.13065650318287156
person,0.3841636862953504,0.0992406322337963,0.023785746614138386,0.11438910590277776
person,0.9633575842777882,0.5183935169643835,0.04598437428474303,0.16936110800283735
person,0.9243490393559137,0.2927500022605618,0.03587499928474405,0.1439074119285292
person,0.9601348671714459,0.17363429260253962,0.025531249642370687,0.11449073508933605
person,0.7305528561870253,0.08412033702709139,0.019937580863633522,0.12361111676251245
person,0.4991171678702032,0.628033923678929,0.04044238424301057,0.17046295731155692
person,0.6196120197375614,0.3973935204965101,0.03367187476158122,0.1239537076596854
person,0.2957871911128366,0.7441100441261582,0.04569645253817172,0.15805768952546448
person,0.2886983656883239,0.5875145218460661,0.0388949410120644,0.14752651186342847
person,0.43700516704718284,0.06517543764467687,0.020156248807906726,0.11818616174768706
person,0.45925287886460653,0.060994719328704615,0.018890075763067317,0.1154920428240759
person,0.5090890502929692,0.4880168883712208,0.034479980468751135,0.15172547234429218
person,0.04988282269239439,0.15898131872106527,0.023359191934267942,0.10816699218750088
person,0.19230104109048785,0.49993462125990246,0.03258763719399648,0.14050112909387835
person,0.21892189526557992,0.5199536994651512,0.040281290531157025,0.1482407322636357
person,0.22791615744431795,0.47874041500798103,0.02281229535738589,0.11807472469188796
person,0.24833984355628436,0.5104884424209605,0.027346750507751,0.12180092274700949
person,0.6211843872169658,0.0457468894675936,0.013733357767263261,0.06908311631944647
person,0.9360372511148448,0.17007414704782117,0.02820833198229368,0.10444430104008191
person,0.5524793391625081,0.46434769241898183,0.02535418613751652,0.1419527633101859
person,0.8236796575188642,0.23269489655671366,0.0300469371080388,0.13548057725694584
person,0.38652980550130217,0.582843768084492,0.040857055664062614,0.18355320457176172
person,0.6691097405354174,0.4903009440104173,0.03803128933906402,0.16237959346064934
person,0.24573319377501796,0.06639064322577708,0.03038378663857732,0.09265165682192437
person,0.4882214050292973,0.23715740599455787,0.028161356608073736,0.13725925643355502
person,0.12143329874674501,0.8757060727719911,0.05358782958984419,0.19475452112268588
person,0.12178268432617206,0.08680483217592594,0.02877838134765662,0.11654911747685187
