person,0.5691041463216145,0.3222682642053668,0.032979207356770956,0.13701844391999285
person,0.6216562708218896,0.16080508535879642,0.027270793596903074,0.1039083478009262
person,0.3658075968424479,0.15959295428240797,0.025676472981770834,0.1301103877314826
person,0.38444757095972704,0.09774070457175926,0.024082723299662413,0.1145185908564815
person,0.9644226884841913,0.5213703686749503,0.0461354160308827,0.1682592558684155
person,0.9248439124425251,0.29462037206579195,0.03602083269755028,0.14438889227972984
person,0.9606088865598039,0.1749074769196691,0.025802083015440402,0.11462962397822493
person,0.7305319821039833,0.08412030085810969,0.019979328791299267,0.12361111676251245
person,0.4995626633961992,0.6312067390724473,0.0409368502298984,0.17046295731155692
person,0.6200834144751228,0.4004351863154662,0.033229166189829226,0.12438889114944954
person,0.2961837568283085,0.7484054542824082,0.04634082094828233,0.15889279513889054
person,0.2881781832377116,0.5899825665509272,0.03914363861083985,0.14699782986111373
person,0.43700512635707867,0.06419401041666756,0.020156248807906726,0.11757494212963139
person,0.4592346192200981,0.060184606481482286,0.018926595211029646,0.11459375000000162
person,0.5095847574869797,0.49195970549406887,0.034479980468751135,0.15326576515480328
person,0.04973950199286151,0.1592591145833339,0.023645670652389678,0.10837065972222332
person,0.19227344708442626,0.4999624135335298,0.03264284143447753,0.14044554465965164
person,0.21888545719782576,0.5199536994651512,0.040354247728982204,0.1482407322636357
person,0.22791615744431795,0.4787774880020718,0.02281229535738589,0.11800057785599534
person,0.2483203123112514,0.5104676227569589,0.02734934451182577,0.12184258058335837
person,0.6208534749547645,0.045850151909723226,0.01349861657619383,0.06908311631944647
person,0.9365788975556686,0.17130570079662297,0.027718748887379026,0.10509230437101938
person,0.5523543086051937,0.46161150896990777,0.025604206403095613,0.14177698206018582
person,0.823479106108348,0.23062073206018593,0.03014595635731929,0.13512890625000148
person,0.3858983561197918,0.57971603732639,0.04093245442708356,0.1829382957175949
person,0.6692086582978559,0.4866667028356487,0.03783341360092021,0.16188881655092693
person,0.2473261706431706,0.06620721237747872,0.029986325661340837,0.09289590623643865
person,0.48782291666666705,0.23889814673529855,0.028458333333334213,0.13757407124837
person,0.12238808186848986,0.8794047670717595,0.05410925292968803,0.1933386140046301
person,0.12154825846354186,0.0879027416087963,0.028986816406250383,0.11654911747685186
