person,0.5689556986490886,0.31955998526679097,0.03293235270182298,0.13626840803358192
person,0.621742218434811,0.1591940104166669,0.02744264813264176,0.10368605324074115
person,0.3658075968424479,0.15742156756365785,0.025676472981770834,0.1295642722800935
person,0.38473145562410366,0.09624077690972223,0.0243796999851865,0.11464807581018518
person,0.9654877926905944,0.524347220385517,0.04628645777702213,0.1671574037339936
person,0.9253387855291365,0.2964907418710221,0.03616666611035626,0.14487037263093044
person,0.9610829059481617,0.1761806612367986,0.026072916388510118,0.11476851286711381
person,0.7305111080209412,0.08412026468912802,0.020021076718964893,0.12361111676251245
person,0.5000081589221952,0.6343795544659655,0.041431316216786244,0.17046295731155692
person,0.6205548092126845,0.4034768521344224,0.032786457618077115,0.12482407463921377
person,0.2965803225437803,0.7527008644386584,0.046985189358392944,0.15972790075231652
person,0.28765800078709924,0.5924506112557884,0.03939233620961525,0.14646914785879875
person,0.43700508566697444,0.06321258318865822,0.020156248807906726,0.11696372251157569
person,0.45921635957558976,0.05937449363425997,0.018963114658992038,0.11369545717592736
person,0.5100804646809902,0.4959025226169169,0.034479980468751135,0.15480605796531424
person,0.04959618129332862,0.15953691044560248,0.02393214937051141,0.10857432725694571
person,0.1922458530783647,0.49999020580715725,0.032698045674958584,0.1403899602254248
person,0.21884901913007168,0.5199536994651512,0.04042720492680738,0.1482407322636357
person,0.22791615744431795,0.4788145609961625,0.02281229535738589,0.11792643102010282
person,0.2483007810662185,0.5104468030929574,0.02735193851590054,0.12188423841970736
person,0.6205225626925632,0.04595341435185287,0.013263875385124517,0.06908311631944647
person,0.9371205439964926,0.17253725454542476,0.027229165792464254,0.10574030770195689
person,0.552229278047879,0.4588753255208337,0.02585422666867494,0.1416012008101859
person,0.823278554697832,0.22854656756365818,0.030244975606599785,0.1347772352430571
person,0.3852669067382814,0.5765883065682882,0.041007853190104505,0.182323386863428
person,0.6693075760602945,0.4830324616608801,0.037635537862776285,0.16139803964120472
person,0.24891914751132335,0.06602378152918037,0.029588864684104293,0.09314015565095293
person,0.48742442830403687,0.24063888747603918,0.028755310058594573,0.1378888860631849
person,0.12334286499023467,0.8831034613715281,0.05463067626953186,0.19192270688657465
person,0.12131383260091164,0.08900065104166667,0.029195251464844127,0.11654911747685186
