person,0.5686588033040365,0.31414342738963924,0.03283864339192727,0.13476833626075993
person,0.6219141136606539,0.15597186053240775,0.027786357204119365,0.10324146412037105
person,0.3658075968424479,0.15307879412615774,0.025676472981770834,0.1284720413773155
person,0.3852992249528569,0.09324092158564815,0.02497365335623461,0.1149070457175926
person,0.9676180011034006,0.5303009238066504,0.04658854126930123,0.16495369946514984
person,0.9263285317023592,0.3002314814814823,0.036458332935968465,0.14583333333333165
person,0.9620309447248777,0.1787270298710576,0.026614583134649667,0.1150462906448916
person,0.7304693598548572,0.08412019235116465,0.02010457257429626,0.12361111676251245
person,0.5008991499741872,0.640725185253002,0.04242024819056193,0.17046295731155692
person,0.6214975986878073,0.4095601837723347,0.03190104047457301,0.1256944416187421
person,0.2973734539747241,0.7612916847511585,0.04827392617861411,0.1613981119791687
person,0.2866176358858747,0.5973867006655105,0.0398897314071661,0.14541178385416903
person,0.43700500428676603,0.06124972873263956,0.020156248807906726,0.11574128327546432
person,0.45917984028657294,0.05775426793981532,0.019036153554916762,0.11189887152777879
person,0.511071879069011,0.503788156862613,0.034479980468751135,0.15788664358633636
person,0.04930953989426286,0.16009250217013973,0.024505106806754877,0.10898166232639057
person,0.1921906650662416,0.500045790354412,0.03280845415592069,0.14027879135697127
person,0.21877614299456336,0.5199536994651512,0.04057311932245777,0.1482407322636357
person,0.22791615744431795,0.47888870698434405,0.02281229535738589,0.11777813734831769
person,0.24826171857615265,0.5104051637649544,0.027357126524050084,0.12196755409240513
person,0.6198607381681607,0.04615993923611212,0.01279439300298577,0.06908311631944647
person,0.9382038368781404,0.17500036204302838,0.02624999960263494,0.10703631436383182
person,0.5519792169332499,0.45340295862268554,0.02635426719983324,0.14124963831018586
person,0.8228774518767996,0.2243982385706027,0.030443014105160652,0.13407389322916835
person,0.3840040079752607,0.5703328450520841,0.041158650716146404,0.18109356915509428
person,0.6695054115851713,0.47576397931134295,0.03723978638648854,0.16041648582175994
person,0.2521051012476287,0.06565691983258368,0.028793942729631303,0.09362865447998148
person,0.4866274515787765,0.24412036895752054,0.02934926350911553,0.13851851569281481
person,0.12525243123372434,0.890500849971065,0.055673522949219505,0.1890908926504633
person,0.12084498087565122,0.09119646990740742,0.02961212158203163,0.11654911747685186
person,0.014806336164474488,0.6336587623313622,0.029612672328948975,0.15731680128309464
