person,0.5685103556315105,0.3114351484510634,0.03279178873697942,0.134018300374349
person,0.6220000612735752,0.1543607855902782,0.027958211739858168,0.10301916956018602
person,0.3658075968424479,0.15090740740740768,0.025676472981770834,0.12792592592592644
person,0.38558310961723347,0.09174099392361111,0.025270630041758696,0.11503653067129628
person,0.9686831053098037,0.533277775517217,0.046739583015440664,0.16385184733072794
person,0.9268234047889706,0.30210185128671246,0.03660416634877445,0.14631481368453225
person,0.9625049641132356,0.1800002141881871,0.0268854165077195,0.11518517953378049
person,0.7304484857718152,0.08412015618218296,0.020146320501961884,0.12361111676251245
person,0.5013446455001832,0.6438980006465203,0.04291471417744977,0.17046295731155692
person,0.6219689934253688,0.4126018495912909,0.0314583319028209,0.12612962510850628
person,0.297770019690196,0.7655870949074085,0.04891829458872466,0.16223321759259476
person,0.28609745343526244,0.5998547453703715,0.04013842900594152,0.14488310185185407
person,0.43700496359666186,0.06026830150463024,0.020156248807906726,0.11513006365740862
person,0.4591615806420645,0.056944155092593006,0.01907267300287915,0.11100057870370451
person,0.5115675862630213,0.5077309739854611,0.034479980468751135,0.15942693639684738
person,0.04916621919472997,0.16037029803240835,0.024791585524876605,0.109185329861113
person,0.19216307106018002,0.5000735826280392,0.032863658396401735,0.1402232069227444
person,0.2187397049268092,0.5199536994651512,0.04064607652028297,0.1482407322636357
person,0.22791615744431795,0.47892577997843483,0.02281229535738589,0.11770399051242517
person,0.24824218733111972,0.5103843441009529,0.027359720528124853,0.12200921192875401
person,0.6195298259059594,0.04626320167824175,0.012559651811916457,0.06908311631944647
person,0.9387454833189643,0.17623191579183017,0.025760416507720287,0.10768431769476929
person,0.5518541863759353,0.4506667751736115,0.02660428746541245,0.1410738570601859
person,0.8226769004662834,0.22232407407407495,0.030542033354441025,0.13372222222222396
person,0.38337255859375036,0.5672051142939822,0.041234049479167346,0.18047866030092738
person,0.6696043293476098,0.4721297381365744,0.03704191064834461,0.15992570891203756
person,0.2536980781157814,0.06547348898428533,0.02839648175239476,0.09387290389449575
person,0.48622896321614634,0.24586110969826125,0.02964624023437601,0.13883333050762978
person,0.12620721435546917,0.8941995442708335,0.05619494628906332,0.18767498553240775
person,0.12061055501302102,0.09229437934027779,0.029820556640625374,0.11654911747685187
person,0.01593416412671407,0.6363033116658531,0.03186832825342814,0.15669856488263148
