person,0.5682134602864585,0.3060185905739117,0.03269807942708359,0.13251822860152704
person,0.622171956499418,0.15113863570601907,0.028301920811335653,0.10257458043981589
person,0.3658075968424479,0.14656463396990752,0.025676472981770834,0.1268336950231484
person,0.38615087894598676,0.08874113859953704,0.02586458341280681,0.1152955005787037
person,0.9708133137226099,0.5392314789383504,0.047041666507719765,0.1616481430618842
person,0.9278131509621933,0.30584259089717275,0.036895833174386654,0.14727777438693349
person,0.9634530028899514,0.18254658282244607,0.027427083253858935,0.11546295731155826
person,0.7304067376057312,0.0841200838442196,0.020229816357293255,0.12361111676251245
person,0.5022356365521752,0.6502436314335568,0.04390364615122545,0.17046295731155692
person,0.6229117829004918,0.4186851812292032,0.030572914759316797,0.1269999920880346
person,0.2985631511211397,0.7741779152199086,0.05020703140894588,0.16390342881944683
person,0.28505708853403783,0.6047908347800937,0.040635824203492335,0.14382573784722436
person,0.43700488221645345,0.05830544704861158,0.020156248807906726,0.11390762442129723
person,0.45912506135304776,0.05532392939814835,0.019145711898803874,0.10920399305555598
person,0.5125590006510422,0.5156166082311572,0.034479980468751135,0.16250752201786947
person,0.0488795777956642,0.16092588975694558,0.025364542961120073,0.10959266493055783
person,0.19210788304805693,0.500129167175294,0.03297406687736384,0.1401120380542909
person,0.21866682879130092,0.5199536994651512,0.04079199091593333,0.1482407322636357
person,0.22791615744431795,0.4789999259666163,0.02281229535738589,0.11755569684064003
person,0.24820312484105386,0.5103427047729499,0.027364908536274393,0.12209252760145188
person,0.6188680013815568,0.04646972656250102,0.012090169429777711,0.06908311631944647
person,0.9398287762006121,0.1786950232894338,0.02478125031789086,0.10898032435664426
person,0.5516041252613062,0.4451944082754633,0.02710432799657087,0.1407222945601859
person,0.8222757976452513,0.21817574508101947,0.03074007185300201,0.13301888020833522
person,0.3821096598307296,0.5609496527777784,0.041384847005209245,0.17924884259259366
person,0.6698021648724868,0.4648612557870372,0.036646159172056866,0.15894415509259294
person,0.2568840318520868,0.06510662728768862,0.027601559797921768,0.09436140272352432
person,0.4854319864908859,0.24934259117974256,0.030240193684896846,0.13946296013725965
person,0.1281167805989588,0.9015969328703705,0.057237792968750985,0.18484317129629652
person,0.1201417032877606,0.09449019820601853,0.030237426757812876,0.11654911747685186
person,0.018189820051193236,0.6415924103348348,0.03637964010238647,0.15546209208170497
