person,0.6077021079063414,0.8722796585648154,0.047470866203307927,0.19092216435185302
person,0.7281243917147322,0.7395045225355369,0.052879154523213144,0.16009917817292563
person,0.7975190941492716,0.5668592820344147,0.04173293113708496,0.15774995874475548
person,0.6139077137311305,0.479814380787038,0.03447932720184402,0.1291860532407427
person,0.36982853213946043,0.6038468605324081,0.036926758289337516,0.17334331597222347
person,0.06487491957346643,0.8403879846643523,0.06602099800109953,0.16003884548611189
person,0.40799509660402977,0.4349873408564819,0.03125223747889283,0.1483586516203711
person,0.7880431602795924,0.4198136955543804,0.03863506730397527,0.1498574258309829
person,0.9538983258406324,0.22213972077546412,0.03029217576980656,0.12142426215278006
person,0.9072235598166782,0.2352059461805567,0.03197438200314799,0.1315881076388912
person,0.919256937583288,0.1397458438166871,0.029819620609284076,0.0919003971241128
person,0.8890464151302973,0.08187587172896774,0.02855116359392653,0.1197189020227503
person,0.8555197591781616,0.06841230682090571,0.02235877291361478,0.1056570789195892
person,0.7302931635379797,0.10516735387731523,0.01921132707595691,0.12066529224537116
person,0.6387288208007814,0.14839474826388951,0.024188191731771388,0.12461791087963085
person,0.6213930679559714,0.16925698061342634,0.025236087083817912,0.12100455729166748
person,0.49736297639211025,0.25229390914351896,0.02970194562276222,0.12844921875000082
person,0.5791257324218753,0.11018912760416713,0.024727701822917326,0.09902915219907502
person,0.38141959627469396,0.24434910300926005,0.029411458174387957,0.13182031250000162
person,0.3120689290761953,0.34367971575701733,0.032445963621140626,0.12956139910662726
person,0.3119242588678996,0.2505326662416816,0.025495653152465773,0.08495103850187996
person,0.42479545088609083,0.11863744156448944,0.01963850919405671,0.1212065960919413
person,0.45239046223958396,0.11543358131691261,0.022323242187501376,0.12095252143012153
person,0.530705566565196,0.17987037037037057,0.02629703807830766,0.12733333333333374
person,0.4844397691488274,0.11787337239583362,0.018341615120571458,0.11269769965277833
person,0.2122271321614585,0.05112037037037091,0.021337402343750315,0.10224074074074183
person,0.14739813232421908,0.06443294270833373,0.0317245686848965,0.1080607638888897
person,0.0596190830469133,0.1714201969570584,0.025599819739659323,0.1099895547937464
person,0.1437931638558708,0.5364449869791669,0.03823167276382491,0.16103595196759296
person,0.19327815755208366,0.5208513816550934,0.03225618489583401,0.13696390335648306
person,0.21683691406250052,0.5417061784532335,0.03503450520833438,0.14800943445276332
person,0.23002423095703192,0.5022119522094727,0.022368204752605526,0.1110290838170935
person,0.25181658967336035,0.5304995840567129,0.028941203435262342,0.12223904079861114
person,0.6875980474154162,0.047403431080007,0.019733936627705263,0.09321108669705104
person,0.666581639866034,0.07616978949087652,0.015017934679984416,0.06530326532434562
person,0.8383975546360015,0.07038111086244937,0.017961287657419688,0.10044393468786171
person,0.972947961055871,0.653758713436449,0.044776019472063784,0.16699435763889123
person,0.48356992483139055,0.03715408113267687,0.01953633403778099,0.07430816226535374
