person,0.5679165649414064,0.30060203269675995,0.03260437011718788,0.13101815682870505
person,0.6223438517252607,0.14791648582175995,0.02864562988281326,0.10212999131944579
person,0.3658075968424479,0.1422218605324074,0.025676472981770834,0.12574146412037038
person,0.38671864827473995,0.08574128327546296,0.026458536783854923,0.11555447048611112
person,0.9729435221354161,0.5451851823594839,0.047343749999998866,0.15944443879304043
person,0.9288028971354161,0.30958333050763304,0.03718749999999886,0.1482407350893347
person,0.9644010416666674,0.18509295145670507,0.027968749999998484,0.11574073508933604
person,0.7303649894396471,0.08412001150625623,0.020313312212624623,0.12361111676251245
person,0.5031266276041673,0.6565892622205933,0.04489257812500114,0.17046295731155692
person,0.6238545723756147,0.42476851286711553,0.029687497615812693,0.127870359067563
person,0.2993562825520835,0.7827687355324088,0.051495768229167044,0.165573640046299
person,0.2840167236328133,0.6097269241898159,0.04113321940104318,0.1427683738425946
person,0.43700480083624504,0.05634259259259293,0.020156248807906726,0.11268518518518586
person,0.45908854206403094,0.053703703703703705,0.019218750794728595,0.10740740740740741
person,0.5135504150390631,0.5235022424768532,0.034479980468751135,0.1655881076388916
person,0.04859293639659844,0.16148148148148284,0.02593750039736354,0.11000000000000269
person,0.19205269503593378,0.5001847517225488,0.03308447535832594,0.14000086918583732
person,0.21859395265579262,0.5199536994651512,0.040937905311583714,0.1482407322636357
person,0.22791615744431795,0.47907407195479784,0.02281229535738589,0.1174074031688549
person,0.248164062350988,0.5103010654449467,0.027370096544423933,0.12217584327414965
person,0.6182061768571543,0.04667625144676027,0.011620687047638967,0.06908311631944647
person,0.9409120690822599,0.18115813078703738,0.023802084128061552,0.11027633101851919
person,0.5513540641466771,0.4397220413773152,0.02760436852772917,0.14037073206018585
person,0.8218746948242189,0.214027416087964,0.030938110351562877,0.13231553819444647
person,0.38084676106770887,0.5546941912615745,0.04153564453125114,0.17801902488425994
person,0.6700000003973637,0.45759277343750004,0.03625040769576913,0.15796260127314815
person,0.26006998558839217,0.06473976559109192,0.026806637843448774,0.09484990155255286
person,0.48463500976562557,0.2528240726612239,0.030834147135417805,0.14009258976688957
person,0.1300263468424485,0.9089943214699074,0.05828063964843864,0.1820113570601852
person,0.11967285156250018,0.09668601707175926,0.03065429687500038,0.11654911747685186
person,0.020445475975672405,0.6468815090038166,0.04089095195134481,0.15422561928077846
