person,0.5681145324309668,0.29890286820023215,0.032354349692662744,0.13141648582176055
person,0.6229870605468755,0.14674987340856543,0.02829671223958409,0.10244469762731603
person,0.36583625274896614,0.1406385814525464,0.02561924215157815,0.12587098524305576
person,0.38647385660807326,0.08458385778356489,0.0259689534505215,0.11553598813657422
person,0.9732610880533847,0.5498333307902021,0.04738541666666549,0.16072221713595863
person,0.928927856445312,0.31072684930872163,0.037437418619790816,0.14726851343225295
person,0.9651224468151733,0.1857734714084196,0.02806768822669845,0.11543518066406118
person,0.730328551471234,0.08412001150625623,0.020386269609131938,0.12361111676251245
person,0.5030015157063807,0.6594071516814043,0.04484071858724062,0.16896295787669724
person,0.6238310739596677,0.4278749949137374,0.030432330211002185,0.12826850834599168
person,0.29891021728515643,0.7877048245182757,0.05134623209635455,0.1673310900087731
person,0.28365679923693404,0.6128329356158232,0.041009480635326355,0.14298227748164574
person,0.43718192489941904,0.05610185185185216,0.02015624888737951,0.11220370370370432
person,0.4592317712903023,0.053703703703703705,0.019307292580604478,0.10740740740740741
person,0.5141094360351567,0.5262770178053127,0.03470385742187603,0.16611262936062504
person,0.048343017737070296,0.16179163049768655,0.02643741893768227,0.11030562789352122
person,0.19202510102987225,0.5002125439961762,0.033139679598806995,0.13994528475161044
person,0.21856617825561137,0.5199536994651512,0.040993467622332365,0.1482407322636357
person,0.22796564341915962,0.4791774429038719,0.022713323513666388,0.11720061304539803
person,0.24814453110595508,0.5102802457809452,0.027372690548498706,0.12221750111049853
person,0.617578898231189,0.04663288483796401,0.011928751866021277,0.06890776909722432
person,0.9411958926916121,0.1824126880787041,0.02436973134676599,0.11076721643518592
person,0.5513053073088323,0.4366809895833338,0.02735813252131057,0.14019357638888968
person,0.821366892496745,0.21246270978009354,0.03071413167317753,0.1326301359953723
person,0.3809209391276048,0.5503544017650467,0.04093937174479283,0.17673564091435262
person,0.6698645735184346,0.45428725405092607,0.03597955393791091,0.15786993634259294
person,0.26151124944289583,0.06466332244873077,0.02685062388578938,0.09484990155255286
person,0.48463500976562557,0.25416666596024196,0.030834147135417805,0.13916666525381452
person,0.13090575154622447,0.9115281394675926,0.057709330240886425,0.1769437210648148
person,0.11964919026692732,0.09802278645833347,0.030587036132812957,0.11692050057870397
person,0.021573303937911986,0.6495260583383075,0.04314660787582397,0.1536073828803153
