person,0.5683124999205271,0.29720370370370436,0.03210432926813761,0.13181481481481605
person,0.62363026936849,0.14558326099537092,0.027947794596354925,0.10275940393518626
person,0.3658649086554843,0.13905530237268537,0.02556201132138541,0.12600050636574114
person,0.3862290649414065,0.08342643229166681,0.025479370117188083,0.11551750578703733
person,0.9735786539713536,0.5544814792209205,0.04742708333333212,0.16199999547887683
person,0.929052815755208,0.3118703681098102,0.03768733723958277,0.1462962917751712
person,0.9658438519636796,0.18645399136013416,0.028166626453398298,0.11512962623878631
person,0.7302921135028211,0.08412001150625623,0.020459227005639253,0.12361111676251245
person,0.5028764038085942,0.6622250411422151,0.04478885904948016,0.16746295844183776
person,0.6238075755437208,0.4309814769603593,0.0311771628061918,0.12866665762442037
person,0.29846415201822935,0.7926409135041428,0.051196695963542045,0.16908853997124731
person,0.28329687484105476,0.6159389470418306,0.04088574186960952,0.14319618112069696
person,0.43735904896259303,0.05586111111111138,0.020156248966852294,0.11172222222222276
person,0.4593750005165737,0.053703703703703705,0.019395834366480357,0.10740740740740741
person,0.5146684570312504,0.5290517931337723,0.034927734375000935,0.16663715108235855
person,0.04809309907754217,0.16210177951389024,0.026937337478001006,0.11061125578703973
person,0.1919975070238107,0.5002403362698036,0.03319488383928804,0.13988970031738376
person,0.21853840385543014,0.5199536994651512,0.04104902993308099,0.1482407322636357
person,0.2280151293940013,0.479280813852946,0.02261435166994688,0.11699382292194133
person,0.24812499986092215,0.5102594261169436,0.027375284552573476,0.12225915894684743
person,0.6169516196052238,0.046589518229167744,0.012236816684403587,0.06873242187500216
person,0.9414797163009644,0.18366724537037077,0.024937378565470424,0.11125810185185264
person,0.5512565504709876,0.4336399377893522,0.027111896514891973,0.1400164207175934
person,0.8208590901692712,0.21089800347222318,0.03049015299479218,0.13294473379629818
person,0.38099511718750056,0.546014612268519,0.040343098958334524,0.17545225694444522
person,0.6697291466395056,0.45098173466435215,0.03570870018005282,0.15777727141203754
person,0.26295251329739944,0.06458687930636962,0.02689460992812996,0.09484990155255286
person,0.48463500976562557,0.25550925925925994,0.030834147135417805,0.13824074074073942
person,0.13178515625000045,0.9140619574652779,0.05713802083333424,0.1718760850694444
person,0.11962552897135444,0.09935955584490767,0.030519775390625534,0.11729188368055608
person,0.02270113190015157,0.6521706076727983,0.04540226380030314,0.15298914647985196
