person,0.5685104674100875,0.29550453920717645,0.03185430884361248,0.1322131438078715
person,0.6242734781901046,0.14441664858217643,0.027598876953125757,0.1030741102430565
person,0.3658935645620026,0.1374720232928244,0.025504780491192668,0.12613002748842653
person,0.38598427327473983,0.08226900679976872,0.02498978678385472,0.11549902343750039
person,0.9738962198893223,0.5591296276516386,0.04746874999999875,0.16327777382179492
person,0.9291777750651039,0.3130138869108989,0.03793725585937461,0.14532407011808943
person,0.9665652571121855,0.1871345113118487,0.028265564680098384,0.11482407181351136
person,0.730255675534408,0.08412001150625623,0.020532184402146686,0.12361111676251245
person,0.5027512919108078,0.6650429306030261,0.044736999511719645,0.16596295900697808
person,0.6237840771277741,0.43408795900698116,0.03192199540138141,0.12906480690284902
person,0.29801808675130226,0.7975770024900096,0.05104715983072954,0.1708459899337214
person,0.28293695044517553,0.6190449584678378,0.040762003103892754,0.14341008475974817
person,0.43753617302576703,0.05562037037037061,0.020156249046325077,0.11124074074074122
person,0.459518229742845,0.053703703703703705,0.019484376152356236,0.10740740740740741
person,0.5152274780273441,0.5318265684622318,0.03515161132812577,0.167161672804092
person,0.04784318041801403,0.16241192853009395,0.027437256018319728,0.11091688368055826
person,0.19196991301774913,0.500268128543431,0.03325008807976909,0.13983411588315695
person,0.2185106294552489,0.5199536994651512,0.04110459224382964,0.1482407322636357
person,0.22806461536884293,0.47938418480202,0.022515379826227408,0.11678703279848446
person,0.24810546861588922,0.5102386064529422,0.027377878556648246,0.12230081678319642
person,0.6163243409792585,0.046546151620371484,0.012544881502785661,0.06855707465278
person,0.9417635399103165,0.1849218026620375,0.025505025784174743,0.11174898726851942
person,0.551207793633143,0.43059888599537083,0.026865660508473374,0.13983926504629718
person,0.8203512878417972,0.20933329716435276,0.030266174316407064,0.13325933159722406
person,0.38106929524739647,0.5416748227719912,0.039746826171876276,0.17416887297453795
person,0.6695937197605766,0.4476762152777782,0.035437846422194615,0.15768460648148233
person,0.2643937771519031,0.06451043616400849,0.026938595970470568,0.09484990155255286
person,0.48463500976562557,0.25685185255827797,0.030834147135417805,0.13731481622766428
person,0.13266456095377643,0.916595775462963,0.05656671142578205,0.16680844907407413
person,0.11960186767578154,0.10069632523148189,0.0304525146484381,0.11766326678240822
person,0.023828959862391152,0.6548151570072892,0.047657919724782304,0.1523709100793888
