person,0.5687084348996478,0.29380537471064866,0.03160428841908735,0.132611472800927
person,0.6249166870117191,0.1432500361689819,0.02724995930989659,0.10338881655092674
person,0.36592222046852085,0.13588874421296337,0.02544754966099993,0.12625954861111194
person,0.38573948160807314,0.08111158130787063,0.0245002034505213,0.1154805410879635
person,0.974213785807291,0.563777776082357,0.047510416666665375,0.16455555216471313
person,0.929302734375,0.31415740571198747,0.038187174479166565,0.14435184846100768
person,0.9672866622606918,0.18781503126356325,0.02836450290679823,0.11451851738823648
person,0.7302192375659949,0.08412001150625623,0.020605141798654004,0.12361111676251245
person,0.5026261800130213,0.6678608200638371,0.04468513997395919,0.16446295957211862
person,0.6237605787118272,0.437194441053603,0.03266682799657102,0.1294629561812777
person,0.29757202148437517,0.8025130914758767,0.05089762369791705,0.17260343989619562
person,0.28257702604929624,0.6221509698938452,0.040638264338175925,0.1436239883987994
person,0.437713297088941,0.055379629629629834,0.02015624912579786,0.11075925925925967
person,0.45966145896911637,0.053703703703703705,0.01957291793823212,0.10740740740740741
person,0.5157864990234379,0.5346013437906914,0.03537548828125073,0.16768619452582548
person,0.047593261758485904,0.16272207754629764,0.027937174558638467,0.11122251157407677
person,0.19194231901168757,0.5002959208170583,0.033305292320250146,0.13977853144893018
person,0.2184828550550676,0.5199536994651512,0.04116015455457829,0.1482407322636357
person,0.22811410134368462,0.47948755575109403,0.022416407982507932,0.11658024267502759
person,0.2480859373708563,0.5102177867889406,0.027380472560723016,0.1223424746195453
person,0.6156970623532932,0.04650278501157522,0.012852946321167971,0.06838172743055784
person,0.9420473635196688,0.18617635995370418,0.02607267300287918,0.11223987268518615
person,0.5511590367952982,0.4275578342013893,0.026619424502054775,0.1396621093750009
person,0.8198434855143233,0.2077685908564824,0.030042195638021713,0.13357392939814994
person,0.38114347330729226,0.5373350332754635,0.039150553385417966,0.17288548900463055
person,0.6694582928816474,0.44437069589120426,0.035166992664336524,0.15759194155092696
person,0.2658350410064067,0.06443399302164735,0.026982582012811146,0.09484990155255286
person,0.48463500976562557,0.25819444585729595,0.030834147135417805,0.1363888917145892
person,0.13354396565755244,0.9191295934606483,0.05599540201822986,0.16174081307870372
person,0.11957820638020866,0.1020330946180561,0.03038525390625068,0.11803464988426035
person,0.02495678782463074,0.6574597063417801,0.04991357564926148,0.15175267367892545
