person,0.5691043698787686,0.29040704571759307,0.031104247570037085,0.133408130787038
person,0.6262031046549483,0.14091681134259287,0.026552124023438258,0.10401822916666721
person,0.3659795322815572,0.13272218605324135,0.025333088000614564,0.1265185908564827
person,0.38524989827473977,0.07879673032407448,0.02352103678385446,0.1154435763888897
person,0.9748489176432285,0.5730740729437935,0.04759374999999864,0.16711110885054953
person,0.9295526529947918,0.31644444331416477,0.038687011718750476,0.1424074051468442
person,0.9687294725577037,0.1891760711669923,0.028562379360198165,0.11390740853768676
person,0.7301463616291687,0.08412001150625623,0.020751056591668635,0.12361111676251245
person,0.5023759562174482,0.673496598985459,0.04458142089843816,0.16146296070239924
person,0.6237135818799333,0.44340740514684684,0.03415649318695001,0.1302592547381351
person,0.296679890950521,0.8123852694476106,0.05059855143229205,0.1761183398211438
person,0.28185717725753784,0.6283629927458599,0.04039078680674226,0.14405179567690163
person,0.43806754521528907,0.054898148148148286,0.020156249284743428,0.10979629629629657
person,0.4599479174216591,0.053703703703703705,0.019750001509983878,0.10740740740740741
person,0.5169045410156252,0.5401508944476103,0.03582324218750041,0.16873523796929238
person,0.047093424439429626,0.16334237557870507,0.028937011639275926,0.1118337673611138
person,0.19188713099956445,0.500351505364313,0.03341570080121225,0.13966736258047655
person,0.2184273062547051,0.5199536994651512,0.041271279176075586,0.1482407322636357
person,0.22821307329336796,0.4796942976492422,0.02221846429506892,0.11616666242811402
person,0.24804687488079044,0.5101761474609376,0.027385660568872556,0.12242579029224307
person,0.6144425051013627,0.0464160517939827,0.013469075957932593,0.06803103298611354
person,0.9426150107383732,0.18868547453703757,0.027207967440288052,0.11322164351851959
person,0.5510615231196088,0.4214757306134265,0.026126952489217578,0.13930779803240853
person,0.8188278808593755,0.20463917824074154,0.029594238281251014,0.1342031250000016
person,0.38129182942708406,0.528655454282408,0.03795800781250135,0.17031872106481594
person,0.6691874391237892,0.43775965711805637,0.0346252851486201,0.1574066116898165
person,0.268717568715414,0.06428110673692505,0.027070554097492365,0.09484990155255286
person,0.48463500976562557,0.26087963245533197,0.030834147135417805,0.13453704268843908
person,0.13530277506510438,0.9241972294560186,0.05485278320312544,0.15160554108796295
person,0.11953088378906293,0.1047066333912045,0.030250732421875835,0.11877741608796458
person,0.02708917307853691,0.6633213872556347,0.05164721822738632,0.15139921258996797
