person,0.5693023373683289,0.28870788122106533,0.03085422714551195,0.13380645978009348
person,0.6268463134765628,0.13975019892939836,0.02620320638020909,0.10433293547453744
person,0.36600818818807546,0.13113890697338032,0.02527585717042182,0.1266481119791681
person,0.385005106608073,0.0776393048321764,0.023031453450521037,0.11542509403935282
person,0.9751664835611972,0.5777222213745119,0.047635416666665265,0.16838888719346773
person,0.9296776123046878,0.31758796211525336,0.03893693033854243,0.14143518348976244
person,0.96945087770621,0.18985659111870687,0.02866131758689801,0.11360185411241189
person,0.7301099236607557,0.08412001150625623,0.02082401398817595,0.12361111676251245
person,0.5022508443196617,0.6763144884462698,0.0445295613606777,0.15996296126753978
person,0.6236900834639864,0.44651388719346874,0.034901325782139614,0.1306574040165638
person,0.2962338256835939,0.8173213584334776,0.050449015299479545,0.177875789783618
person,0.28149725286165855,0.6314690041718674,0.04026704804102543,0.14426569931595284
person,0.43824466927846306,0.05465740740740751,0.020156249364216214,0.10931481481481502
person,0.46009114664793044,0.053703703703703705,0.01983854329585976,0.10740740740740741
person,0.517463562011719,0.5429256697760699,0.03604711914062536,0.16925975969102589
person,0.0468435057799015,0.16365252459490875,0.02943693017959466,0.11213939525463233
person,0.19185953699350292,0.5003792976379404,0.0334709050416933,0.1396117781462498
person,0.21839953185452388,0.5199536994651512,0.04132684148682421,0.1482407322636357
person,0.2282625592682096,0.47979766859831624,0.022119492451349417,0.11595987230465715
person,0.2480273436357575,0.5101553277969361,0.027388254572947326,0.12246744812859195
person,0.6138152264753974,0.04637268518518643,0.013777140776314903,0.06785568576389138
person,0.9428988343477254,0.18994003182870428,0.02777561465899249,0.11371252893518631
person,0.551012766281764,0.418434678819445,0.02588071648279898,0.13913064236111225
person,0.8183200785319016,0.20307447193287118,0.029370259602865663,0.13451772280092747
person,0.38136600748697985,0.5243156647858802,0.03736173502604304,0.1690353370949085
person,0.6690520122448601,0.43445413773148245,0.03435443139076201,0.1573139467592611
person,0.2701588325699176,0.06420466359456391,0.027114540139832943,0.09484990155255286
person,0.48463500976562557,0.26222222575435,0.030834147135417805,0.13361111817536397
person,0.1361821797688804,0.9267310474537037,0.05428147379557326,0.14653790509259257
person,0.11950722249349005,0.10604340277777873,0.030183471679688417,0.11914879918981669
person,0.0280937303702035,0.6665385188349983,0.051125204881032005,0.15166398790147373
