person,0.5695003048578893,0.2870087167245374,0.030604206720986817,0.13420478877314895
person,0.6274895222981774,0.13858358651620387,0.025854288736979925,0.10464764178240768
person,0.36603684409459375,0.12955562789351935,0.025218626340229082,0.12677763310185347
person,0.38476031494140633,0.07648187934027832,0.022541870117187675,0.11540661168981588
person,0.9754840494791659,0.58237036980523,0.04767708333333189,0.16966666553638582
person,0.9298025716145838,0.31873148091634196,0.03918684895833427,0.14046296183268067
person,0.9701722828547159,0.1905371110704214,0.028760255813598097,0.11329629968713693
person,0.7300734856923425,0.08412001150625623,0.020896971384683383,0.12361111676251245
person,0.5021257324218753,0.6791323779070808,0.04447770182291719,0.1584629618326801
person,0.6236665850480397,0.4496203692400906,0.03564615837732923,0.13105555329499244
person,0.2957877604166669,0.8222574474193445,0.05029947916666704,0.17963323974609213
person,0.2811373284657793,0.6345750155978744,0.04014330927530866,0.14447960295500406
person,0.43842179334163706,0.05441666666666674,0.020156249443688996,0.10883333333333348
person,0.46023437587420174,0.053703703703703705,0.01992708508173564,0.10740740740740741
person,0.5180225830078126,0.5457004451045294,0.0362709960937502,0.16978428141275934
person,0.046593587120373356,0.16396267361111247,0.029936848719913388,0.11244502314815084
person,0.19183194298744133,0.5004070899115678,0.03352610928217435,0.139556193712023
person,0.21837175745434265,0.5199536994651512,0.04138240379757286,0.1482407322636357
person,0.2283120452430513,0.4799010395473904,0.02202052060762994,0.11575308218120045
person,0.24800781239072459,0.5101345081329346,0.027390848577022096,0.12250910596494094
person,0.6131879478494322,0.04632931857639017,0.014085205594696977,0.06768033854166923
person,0.9431826579570776,0.191194589120371,0.02834326187769681,0.11420341435185309
person,0.5509640094439194,0.4153936270254636,0.02563448047638038,0.13895348668981602
person,0.8178122762044278,0.20150976562500073,0.029146280924480548,0.13483232060185335
person,0.38144018554687575,0.5199758752893525,0.036765462239584795,0.16775195312500127
person,0.6689165853659311,0.4311486183449085,0.0340835776329038,0.1572212818287059
person,0.2716000964244213,0.06412822045220276,0.027158526182173553,0.09484990155255286
person,0.48463500976562557,0.26356481905336804,0.030834147135417805,0.13268519366228887
person,0.13706158447265634,0.9292648654513889,0.05371016438802106,0.14147026909722227
person,0.11948356119791714,0.10738017216435294,0.03011621093750098,0.11952018229166884
person,0.029098287661870097,0.669755650414362,0.05060319153467768,0.1519287632129793
