person,0.5696982723474496,0.28530955222800963,0.030354186296461687,0.13460311776620446
person,0.628132731119792,0.13741697410300935,0.025505371093750756,0.10496234809027792
person,0.36606550000111193,0.12797234881365832,0.02516139551003634,0.12690715422453885
person,0.3845155232747396,0.07532445384838024,0.022052286783854253,0.11538812934027899
person,0.9758016153971347,0.5870185182359484,0.04771874999999852,0.17094444387930402
person,0.9299275309244798,0.31987499971743055,0.039436767578126225,0.13949074017559893
person,0.9708936880032222,0.191217631022136,0.028859194040297947,0.11299074526186206
person,0.7300370477239295,0.08412001150625623,0.020969928781190698,0.12361111676251245
person,0.5020006205240888,0.6819502673678918,0.044425842285156725,0.15696296239782062
person,0.6236430866320928,0.4527268512867124,0.03639099097251884,0.13145370257342115
person,0.2953416951497398,0.8271935364052115,0.05014994303385455,0.18139068970856634
person,0.28077740406990004,0.6376810270238819,0.04001957050959183,0.14469350659405528
person,0.43859891740481105,0.05417592592592596,0.02015624952316178,0.10835185185185192
person,0.4603776051004731,0.053703703703703705,0.02001562686761152,0.10740740740740741
person,0.5185816040039063,0.548475220432989,0.03649487304687516,0.17030880313449284
person,0.046343668460845235,0.16427282262731616,0.03043676726023212,0.11275065104166937
person,0.19180434898137977,0.5004348821851952,0.0335813135226554,0.13950060927779628
person,0.2183439830541614,0.5199536994651512,0.04143796610832148,0.1482407322636357
person,0.22836153121789293,0.4800044104964644,0.021921548763910437,0.11554629205774358
person,0.24798828114569166,0.510113688468933,0.02739344258109687,0.12255076380128982
person,0.6125606692234669,0.04628595196759391,0.014393270413079287,0.06750499131944708
person,0.9434664815664299,0.1924491464120377,0.028910909096401247,0.11469429976851982
person,0.5509152526060747,0.4123525752314821,0.025388244469961782,0.13877633101851974
person,0.8173044738769538,0.19994505931713036,0.0289223022460952,0.13514691840277923
person,0.38151436360677154,0.5156360857928247,0.03616918945312649,0.16646856915509384
person,0.668781158487002,0.42784309895833456,0.03381272387504571,0.15712861689815052
person,0.27304136027892484,0.06405177730984161,0.02720251222451413,0.09484990155255286
person,0.48463500976562557,0.264907412352386,0.030834147135417805,0.13175926914921376
person,0.13794098917643235,0.9317986834490741,0.05313885498046888,0.13640263310185188
person,0.11945989990234426,0.10871694155092715,0.03004895019531356,0.11989156539352096
person,0.030102844953536684,0.6729727819937256,0.05008117818832337,0.15219353852448508
