person,0.6064936219056446,0.8658342013888897,0.047096130530039325,0.188479745370372
person,0.7236644008159638,0.7394951902318894,0.05648179642359376,0.15963780523229723
person,0.7982979687054952,0.5688524995026765,0.041841705640157066,0.15740117956090852
person,0.6136818638642635,0.47588935908564894,0.03492948293686027,0.1272583188657424
person,0.3696181438366576,0.5981895254629639,0.03660770694414849,0.17154687500000168
person,0.06537141974767109,0.8423030960648153,0.06469466241200886,0.1611715856481492
person,0.40789138782024437,0.4310002531828707,0.03080718970298862,0.1468883825231488
person,0.7887206259568537,0.42381023604781554,0.039242358684540096,0.15107533320674216
person,0.9539944257736207,0.22398137297453813,0.030018473943074872,0.12155577256944662
person,0.9076188127199805,0.236791160300927,0.03176187674204437,0.13167693865740954
person,0.9194084879159933,0.1410298422354242,0.02962060538927827,0.091691050211588
person,0.8889630242387456,0.08221590960467304,0.028623965144156098,0.11908459698712383
person,0.8558926649490992,0.0685399207715643,0.021738780419031774,0.10582767140423972
person,0.7301149398485827,0.10477416087962982,0.019334046363829197,0.12030353009259298
person,0.6386142374674482,0.1469029947916675,0.023959025065104573,0.12486067708333495
person,0.621443349977335,0.16760149016203726,0.025551494876544942,0.1209451678240745
person,0.4974532321691514,0.25386179832175976,0.0297233588695527,0.12860973668981587
person,0.5790511881510418,0.11086595775463004,0.024376790364583793,0.09834215856481564
person,0.38070338944594107,0.24306738281250106,0.029822713136673742,0.1331985677083355
person,0.3119139811396605,0.3442920780888313,0.03264103194077925,0.12823621057581072
person,0.31194018175204596,0.2519490949842667,0.025538078347841876,0.08494332885742151
person,0.424382436136405,0.1178826313725225,0.019391499876976682,0.12171621760615584
person,0.4522912190755215,0.11477601863719801,0.022407145182293142,0.12075899618643302
person,0.5307107544740042,0.18209573929398176,0.02644299332300797,0.1281418547453709
person,0.48487308281660146,0.11678580729166681,0.018187327742577964,0.11287282986111138
person,0.21283099365234381,0.05090740740740768,0.021192179361979323,0.10181481481481536
person,0.14923063151041713,0.06256939019097277,0.033080403645834235,0.10758380353009368
person,0.05932732772827155,0.17110136738529913,0.025590161641438642,0.10998955479374639
person,0.14294709173838308,0.5395248480902781,0.037557594935099525,0.16217252604166718
person,0.19302711995442753,0.5203729745370378,0.032258260091146754,0.1369207175925941
person,0.21649432373046942,0.5413956366644965,0.03511551920573046,0.14830197934751152
person,0.2299002685546882,0.5017773628234864,0.02192862955729312,0.11111621291549115
person,0.2517114922602972,0.5302190031828704,0.029342987775802774,0.1224598524305555
person,0.6873297577897713,0.04703504887333751,0.019793019811311416,0.09327221001519354
person,0.66608946955204,0.07567496575249573,0.015033349911371492,0.06495163868091738
person,0.8384119401772816,0.07044527407045718,0.01797988621393832,0.10016210485387733
person,0.972080161354758,0.6497316425978548,0.04547516793915645,0.16631112557870628
person,0.4836338190237683,0.03715408113267687,0.01966420380274485,0.07430816226535374
