person,0.5698649695118263,0.2818280345775466,0.030166706601777213,0.13547356047453765
person,0.6289400024414067,0.13510215928819452,0.02548457845052153,0.10542531105324088
person,0.3661227814952526,0.12489827473958434,0.025161415855088562,0.12705530237268722
person,0.3844998982747397,0.07260215928819519,0.022021036783854343,0.11524012586805704
person,0.9764759827852243,0.5963611108285409,0.04704681420326094,0.1737407401756004
person,0.930372802774112,0.3236250001412858,0.0396294759909324,0.13947222250479102
person,0.97184420889616,0.19351392760100244,0.028791485826174086,0.11341667175292836
person,0.7299778080731635,0.08410728447525492,0.02101030364632533,0.123636570541945
person,0.5024536234140398,0.6896894891526957,0.044665751059850226,0.1568611108285391
person,0.6242080686887105,0.4590462961550123,0.03657328255971268,0.1324074071248352
person,0.2949582112232845,0.8360370332223412,0.050333699464798265,0.18318517755578798
person,0.28021946136156667,0.6451897080032925,0.039958372592924986,0.1459351885760245
person,0.43877602112293285,0.053337962962963066,0.020156249602634565,0.10667592592592613
person,0.46072135504086853,0.05278703703703707,0.019942710081735388,0.10557407407407414
person,0.5195521037181218,0.5537453666969593,0.036927083412806164,0.17032406672724765
person,0.045335927148659416,0.16475423177083467,0.030796162565548003,0.11308412905092861
person,0.19174916096925668,0.5004904667324499,0.0336917220036175,0.13938944040934262
person,0.21828843425379893,0.5199536994651512,0.041549090729818786,0.1482407322636357
person,0.22846050316757627,0.48021115239461254,0.021723605076471426,0.11513271181083001
person,0.2479492186556258,0.51007204914093,0.02739863058924641,0.12263407947398759
person,0.6112891339759025,0.04611693431713084,0.01441269991795077,0.06743279803240983
person,0.9444533996582037,0.1948981481481488,0.029603617350261874,0.11544444444444575
person,0.5508241373499241,0.40620907479745444,0.025226765910785785,0.13789666521990881
person,0.8162706400553392,0.19689422381365806,0.02880246988932432,0.13571155237268645
person,0.3817734375000007,0.5084490379050932,0.03594270833333475,0.16565747974537168
person,0.6682025655110677,0.4208661385995383,0.033646952311197964,0.15630475983796543
person,0.27592388798793216,0.06389889102511932,0.027290484309195347,0.09484990155255286
person,0.48459342453877174,0.26845370864868223,0.030917399207751828,0.131796306186251
person,0.13953927612304692,0.9375273075810185,0.052369364420572995,0.12494538483796294
person,0.1194948933919276,0.11053819444444579,0.029926879882813544,0.12026294849537307
person,0.032111959536869863,0.6794070451524531,0.04903715149561473,0.1527230891474964
