person,0.5698336991866424,0.28004568142361136,0.03022924733161775,0.13594567418981535
person,0.6291040649414066,0.13395395688657422,0.025812703450521467,0.10557356770833361
person,0.3661514070828751,0.12340747974537139,0.02521866703033346,0.12707392939815018
person,0.3847290649414064,0.07103729021990822,0.022479370117187793,0.115110604745372
person,0.976832784255345,0.6010555549904153,0.04633321173985673,0.1752592581289786
person,0.9306931153138484,0.32623148176405237,0.039572265783946625,0.14042592649106492
person,0.9720733246405918,0.19512970422815437,0.02862483938535026,0.1141481526692695
person,0.7299550063908103,0.0840945574442536,0.02097772111495265,0.12366202432137757
person,0.5030317382017772,0.6946108214766883,0.04495751937230429,0.1582592586941171
person,0.6247965491612751,0.4622592589766902,0.03601074155171702,0.13296296239782046
person,0.2950207925637564,0.8399444410536038,0.050666992028554486,0.18322221544053552
person,0.28002144304911253,0.6495923775566957,0.04002091344197497,0.14696296691894262
person,0.4387760007778807,0.05274074074074095,0.020156249602634565,0.1054814814814819
person,0.46092187575499266,0.05187037037037044,0.019781251509983437,0.10374074074074088
person,0.5199635824362436,0.55624073763247,0.03713541682561227,0.16981480859826892
person,0.04457810449600174,0.16492549189814948,0.03065563933054515,0.11311197916666937
person,0.1917215669631951,0.5005182590060774,0.03374692624409856,0.13933385597511586
person,0.21826065985361762,0.5199536994651512,0.04160465304056743,0.1482407322636357
person,0.22850998914241796,0.4803145233436866,0.02162463323275195,0.11492592168737314
person,0.24792968741059287,0.5100512294769284,0.02740122459332118,0.12267573731033647
person,0.6106448773543034,0.04599128327546404,0.01412406460444006,0.06753595196759475
person,0.9451564941406256,0.1960925925925932,0.02972867838541783,0.1157037037037049
person,0.5507817789316183,0.40310662615740817,0.025311523358028155,0.13719415509259408
person,0.8157446085611986,0.19540809461805617,0.028906616210938787,0.13596158854166787
person,0.381958333333334,0.5056017795138895,0.03631250000000138,0.1661297743055568
person,0.6677593994140625,0.417194697627316,0.033752034505208306,0.15557356770833558
person,0.27736515184243576,0.06382244788275818,0.027334470351535925,0.09484990155255286
person,0.4845518393119179,0.27065741164596047,0.03100065128008585,0.13275926773636323
person,0.14025815836588548,0.9407221137152778,0.05217118326822932,0.11855577256944441
person,0.11955354817708382,0.11102267795139024,0.029872070312500994,0.12026294849537307
person,0.03311651682853645,0.6826241767318166,0.048515138149260416,0.1529878644590022
