person,0.5698024288614588,0.2782633282696762,0.03029178806145853,0.13641778790509307
person,0.6292681274414066,0.1328057544849539,0.026140828450521524,0.10572182436342632
person,0.36618003267049754,0.12191668475115841,0.025275918205578424,0.12709255642361314
person,0.38495823160807313,0.06947242115162125,0.0229377034505213,0.11498108362268693
person,0.9771895857254659,0.6057499991522896,0.04561960927645264,0.17677777608235679
person,0.9310134278535845,0.32883796338681887,0.039515055576960854,0.1413796304773388
person,0.9723024403850237,0.19674548085530624,0.028458192944526197,0.11487963358561062
person,0.7299322047084574,0.08408183041325228,0.020945138583579846,0.12368747810081013
person,0.5036098529895146,0.6995321538006812,0.045249287684758305,0.15965740655969535
person,0.6253850296338398,0.4654722217983681,0.03544820054372124,0.13351851767080583
person,0.2950833739042283,0.8438518488848665,0.05100028459231076,0.18325925332528303
person,0.27982342473665833,0.6539950471100989,0.040083454291025035,0.14799074526186073
person,0.43877598043282845,0.05214351851851882,0.020156249602634565,0.10428703703703764
person,0.4611223964691167,0.050953703703703807,0.019619792938231424,0.10190740740740761
person,0.5203750611543654,0.5587361085679807,0.037343750238418315,0.16930555046929036
person,0.04382028184334407,0.16509675202546434,0.030515116095542305,0.1131398292824101
person,0.19169397295713356,0.5005460512797046,0.033802130484579605,0.13927827154088904
person,0.2182328854534364,0.5199536994651512,0.04166021535131608,0.1482407322636357
person,0.2285594751172596,0.4804178942927606,0.021525661389032474,0.11471913156391628
person,0.24791015616555998,0.5100304098129269,0.02740381859739595,0.12271739514668546
person,0.6100006207327043,0.04586563223379724,0.013835429290929232,0.06763910590277966
person,0.9458595886230474,0.19728703703703762,0.029853739420574024,0.11596296296296413
person,0.5507394205133125,0.4000041775173619,0.025396280805270757,0.13649164496527932
person,0.8152185770670578,0.1939219654224543,0.029010762532553257,0.13621162471064932
person,0.3821432291666673,0.5027545211226857,0.03668229166666794,0.16660206886574186
person,0.6673162333170574,0.41352325665509365,0.03385711669921877,0.15484237557870584
person,0.2788064156969394,0.06374600474039703,0.027378456393876534,0.09484990155255286
person,0.4845102540850641,0.2728611146432387,0.031083903352419878,0.13372222928647545
person,0.14097704060872407,0.9439169198495371,0.051973002115885646,0.11216616030092597
person,0.11961220296224004,0.11150716145833468,0.0298172607421884,0.12026294849537307
person,0.03412107412020305,0.6858413083111804,0.047993124802906094,0.15325263977050776
person,0.5008820915222174,0.048048626935040514,0.030826683044432455,0.09609725387008103
person,0.5315359512964885,0.04390521226105867,0.019962771733601888,0.08781042452211733
