person,0.5697711585362749,0.27648097511574093,0.030354328791299068,0.13688990162037076
person,0.6294321899414065,0.1316575520833336,0.026468953450521464,0.10587008101851905
person,0.36620865825812,0.12042588975694547,0.025333169380823327,0.1271111834490761
person,0.38518739827473986,0.06790755208333428,0.02339603678385475,0.11485156250000189
person,0.9775463871955866,0.6104444433141638,0.04490600681304843,0.17829629403573496
person,0.9313337403933208,0.3314444450095854,0.03945784536997508,0.14233333446361268
person,0.9725315561294555,0.19836125748245817,0.028291546503702372,0.11561111450195177
person,0.7299094030261043,0.08406910338225097,0.020912556052207164,0.12371293188024268
person,0.5041879677772519,0.704453486124674,0.04554105599721237,0.1610555544252734
person,0.6259735101064046,0.468685184620046,0.03488565953572558,0.13407407294379106
person,0.29514595524470016,0.8477592567161291,0.051333577156066984,0.18329629121003058
person,0.27962540642420414,0.6583977166635022,0.04014599514007502,0.14901852360477885
person,0.4387759600877763,0.0515462962962967,0.020156249602634565,0.1030925925925934
person,0.46132291718324075,0.05003703703703718,0.019458334366479473,0.10007407407407436
person,0.5207865398724872,0.5612314795034915,0.03755208365122442,0.16879629234031157
person,0.043062459190686395,0.16526801215277914,0.03037459286053945,0.11316767939815085
person,0.191666378951072,0.5005738435533321,0.03385733472506066,0.13922268710666233
person,0.21820511105325516,0.5199536994651512,0.041715777662064704,0.1482407322636357
person,0.22860896109210127,0.48052126524183475,0.02142668954531297,0.11451234144045958
person,0.24789062492052702,0.5100095901489253,0.02740641260147072,0.12275905298303434
person,0.6093563641111053,0.04573998119213044,0.01354679397741852,0.06774225983796459
person,0.9465626831054692,0.19848148148148204,0.02997880045572998,0.1162222222222233
person,0.5506970620950066,0.3969017288773156,0.025481038252513126,0.1357891348379646
person,0.8146925455729173,0.1924358362268524,0.029114908854167728,0.13646166087963074
person,0.38232812500000063,0.49990726273148206,0.03705208333333457,0.167074363425927
person,0.6668730672200521,0.4098518156828713,0.03396219889322912,0.15411118344907598
person,0.280247679551443,0.0636695615980359,0.027422442436217113,0.09484990155255286
person,0.48446866885821027,0.27506481764051693,0.0311671554247539,0.13468519083658773
person,0.14169592285156263,0.9471117259837963,0.05177482096354196,0.10577654803240744
person,0.11967085774739625,0.11199164496527914,0.029762451171875853,0.12026294849537307
person,0.03512563141186964,0.689058439890544,0.04747111145655178,0.15351741508201353
person,0.4181879103183746,0.9569914641203704,0.0478890856107076,0.08601707175925927
person,0.500882062457857,0.048155436843791435,0.030826683044432455,0.09631087368758287
person,0.5314334994270687,0.04429970574757429,0.01996277173360183,0.08859941149514858
