person,0.5697398882110912,0.2746986219618057,0.030416869521139724,0.13736201533564849
person,0.6295962524414065,0.1305093496817133,0.0267970784505214,0.1060183376736118
person,0.36623728384574245,0.1189350947627325,0.02539042055606823,0.12712981047453906
person,0.38541656494140664,0.06634268301504731,0.02385437011718826,0.11472204137731684
person,0.9779031886657075,0.6151388874760381,0.04419240434964422,0.17981481198911314
person,0.9316540529330571,0.33405092663235203,0.0394006351629893,0.14328703844988652
person,0.9727606718738874,0.1999770341096101,0.028124900062878547,0.11634259541829292
person,0.7298866013437513,0.08405637635124966,0.020879973520834483,0.12373838565967525
person,0.5047660825649894,0.7093748184486669,0.045832824309666384,0.16245370229085151
person,0.6265619905789691,0.4718981474417239,0.03432311852772993,0.13462962821677643
person,0.295208536585172,0.8516666645473918,0.0516668697198232,0.18333332909477812
person,0.27942738811175,0.6628003862169054,0.040208535989125,0.15004630194769697
person,0.4387759397427241,0.050949074074074584,0.020156249602634565,0.10189814814814917
person,0.4615234378973649,0.04912037037037054,0.01929687579472746,0.09824074074074109
person,0.521198018590609,0.5637268504390022,0.037760417064030584,0.168287034211333
person,0.04230463653802872,0.16543927228009395,0.0302340696255366,0.11319552951389159
person,0.19163878494501044,0.5006016358269594,0.03391253896554171,0.13916710267243546
person,0.2181773366530739,0.5199536994651512,0.041771339972813355,0.1482407322636357
person,0.22865844706694294,0.4806246361909088,0.021327717701593467,0.11430555131700271
person,0.2478710936754941,0.5099887704849239,0.02740900660554549,0.12280071081938324
person,0.6087121074895061,0.045614330150463636,0.013258158663907694,0.0678454137731495
person,0.947265777587891,0.19967592592592645,0.030103861490886175,0.11648148148148249
person,0.5506547036767008,0.3937992802372694,0.025565795699755728,0.13508662471064983
person,0.8141665140787765,0.19094970703125053,0.0292190551757822,0.13671169704861214
person,0.3825130208333339,0.4970600043402783,0.03742187500000114,0.16754665798611212
person,0.6664299011230469,0.406180374710649,0.03406728108723958,0.15337999131944613
person,0.28168894340594663,0.06359311845567475,0.027466428478557722,0.09484990155255286
person,0.48442708363135645,0.2772685206377951,0.03125040749708793,0.1356481523867
person,0.14241480509440124,0.9503065321180556,0.0515766398111983,0.09938693576388889
person,0.11972951253255246,0.11247612847222357,0.029707641601563257,0.12026294849537307
person,0.03613018870353623,0.6922755714699078,0.04694909811019746,0.1537821903935192
person,0.4181879103183746,0.954653380594136,0.0478890856107076,0.09069323881172799
person,0.5008820333934968,0.048262246752542357,0.030826683044432455,0.09652449350508471
person,0.5313310475576491,0.04469419923408991,0.019962771733601947,0.08938839846817982
