person,0.5697086178859077,0.2729162688078705,0.030479410250980384,0.1378341290509262
person,0.6297603149414066,0.12936114728009301,0.02712520345052134,0.10616659432870452
person,0.3662659094333649,0.11744429976851954,0.025447671731313133,0.12714843750000204
person,0.38564573160807336,0.06477781394676034,0.024312703450521767,0.11459252025463179
person,0.9782599901358284,0.6198333316379123,0.04347880188624001,0.18133332994249132
person,0.9319743654727934,0.33665740825511864,0.03934342495600352,0.14424074243616036
person,0.9729897876183192,0.20159281073676205,0.027958253622054723,0.11707407633463408
person,0.7298637996613984,0.08404364932024835,0.0208473909894618,0.1237638394391078
person,0.5053441973527268,0.7142961507726597,0.046124592622120396,0.16385185015642967
person,0.6271504710515338,0.47511111026340186,0.03376057751973427,0.1351851834897618
person,0.29527111792564387,0.8555740723786545,0.05200016228357942,0.18337036697952566
person,0.27922936979929586,0.6672030557703086,0.040271076838174984,0.1510740802906151
person,0.43877591939767185,0.05035185185185246,0.020156249602634565,0.10070370370370492
person,0.46172395861148896,0.04820370370370391,0.01913541722297545,0.09640740740740782
person,0.5216094973087309,0.566222221374513,0.03796875047683675,0.16777777608235445
person,0.04154681388537104,0.16561053240740875,0.03009354639053375,0.11322337962963232
person,0.1916111909389489,0.5006294281005867,0.03396774320602276,0.13911151823820866
person,0.21814956225289267,0.5199536994651512,0.041826902283562006,0.1482407322636357
person,0.22870793304178463,0.4807280071399828,0.02122874585787396,0.11409876119354584
person,0.24785156243046116,0.5099679508209224,0.027411600609620262,0.12284236865573211
person,0.6080678508679069,0.04548867910879684,0.012969523350396864,0.0679485677083344
person,0.9479688720703128,0.20087037037037084,0.030228922526042368,0.1167407407407417
person,0.550612345258395,0.3906968315972231,0.025650553146998333,0.1343841145833351
person,0.8136404825846357,0.18946357783564863,0.029323201497396666,0.13696173321759353
person,0.3826979166666672,0.49421274594907455,0.0377916666666677,0.16801895254629726
person,0.6659867350260417,0.40250893373842667,0.03417236328125005,0.15264879918981628
person,0.28313020726045035,0.0635166753133136,0.02751041452089833,0.09484990155255286
person,0.4843854984045026,0.27947222363507335,0.03133365956942195,0.13661111393681227
person,0.14313368733723983,0.9535013382523148,0.051378458658854625,0.09299732349537035
person,0.11978816731770867,0.11296061197916801,0.029652832031250662,0.12026294849537307
person,0.03744386871655706,0.6961093026620374,0.04694909811019746,0.1537821903935192
person,0.4181879103183746,0.9523152970679017,0.0478890856107076,0.09536940586419661
person,0.5008820043291365,0.04836905666129328,0.030826683044432455,0.09673811332258656
person,0.5312285956882296,0.04508869272060553,0.019962771733601888,0.09017738544121107
