person,0.5696773475607237,0.2711339156539353,0.030541950980820923,0.1383062427662039
person,0.6299243774414065,0.1282129448784727,0.02745332845052128,0.10631485098379725
person,0.36629453502098736,0.11595350477430658,0.025504922906558036,0.127167064525465
person,0.38587489827474014,0.06321294487847337,0.024771036783855217,0.11446299913194675
person,0.9786167916059492,0.6245277757997866,0.0427651994228358,0.1828518478958695
person,0.9322946780125297,0.3392638898778852,0.039286214749017744,0.14519444642243426
person,0.9732189033627511,0.20320858736391395,0.027791607181230898,0.11780555725097523
person,0.7298409979790452,0.08403092228924705,0.02081480845808912,0.12378929321854036
person,0.5059223121404643,0.7192174830966525,0.04641636093457446,0.16524999802200768
person,0.6277389515240984,0.4783240730850798,0.03319803651173861,0.13574073876274706
person,0.29533369926611575,0.8594814802099172,0.05233345484733564,0.18340740486427332
person,0.27903135148684166,0.6716057253237119,0.04033361768722497,0.15210185863353318
person,0.4387758990526197,0.04975462962963034,0.020156249602634565,0.09950925925926069
person,0.46192447932561304,0.04728703703703727,0.018973958651223494,0.09457407407407455
person,0.5220209760268526,0.5687175923100237,0.03817708388964285,0.16726851795337566
person,0.040788991232713366,0.16578179253472355,0.029953023155530896,0.11325122974537308
person,0.19158359693288732,0.5006572203742141,0.03402294744650381,0.13905593380398196
person,0.21812178785271144,0.5199536994651512,0.04188246459431063,0.1482407322636357
person,0.22875741901662627,0.48083137808905696,0.021129774014154456,0.11389197107008914
person,0.24783203118542824,0.5099471311569208,0.02741419461369503,0.122884026492081
person,0.6074235942463079,0.04536302806713004,0.012680888036886155,0.06805172164351933
person,0.9486719665527346,0.20206481481481525,0.030353983561198325,0.11700000000000085
person,0.5505699868400891,0.38759438295717685,0.0257353105942407,0.13368160445602034
person,0.8131144510904952,0.18797744864004673,0.029427347819011136,0.13721176938657495
person,0.38288281250000045,0.49136548755787085,0.03816145833333433,0.16849124710648242
person,0.6655435689290364,0.39883749276620434,0.03427744547526039,0.15191760706018642
person,0.2845714711149539,0.06344023217095246,0.02755440056323888,0.09484990155255286
person,0.48434391317764885,0.2816759266323516,0.031416911641755974,0.13757407548692452
person,0.1438525695800784,0.956696144386574,0.05118027750651094,0.08660771122685182
person,0.11984682210286488,0.11344509548611247,0.029598022460938116,0.12026294849537307
person,0.0387575487295779,0.699943033854167,0.04694909811019746,0.1537821903935192
person,0.4181879103183746,0.9499772135416674,0.0478890856107076,0.10004557291666533
person,0.5008819752647762,0.048475866570044206,0.030826683044432455,0.09695173314008841
person,0.5311261438188098,0.04548318620712115,0.019962771733601888,0.0909663724142423
