person,0.5696460772355401,0.2693515625000001,0.0306044917106617,0.13877835648148162
person,0.6300884399414065,0.12706474247685237,0.027781453450521337,0.10646310763888997
person,0.3663231606086098,0.1144627097800936,0.025562174081803,0.12718569155092793
person,0.3861040649414068,0.061648075810186394,0.025229370117188725,0.11433347800926168
person,0.97897359307607,0.629222219961661,0.04205159695943171,0.18437036584924768
person,0.9326149905522659,0.3418703715006517,0.039229004542031966,0.14614815040870816
person,0.9734480191071829,0.20482436399106585,0.027624960740406834,0.11853703816731635
person,0.7298181962966923,0.0840181952582457,0.020782225926716316,0.12381474699797293
person,0.5065004269282017,0.7241388154206454,0.046708129247028475,0.16664814588758592
person,0.6283274319966631,0.4815370359067576,0.03263549550374283,0.13629629403573243
person,0.2953962806065876,0.8633888880411796,0.05266674741109192,0.18344444274902064
person,0.27883333317438747,0.6760083948771151,0.04039615853627503,0.1531296369764513
person,0.4387758787075675,0.04915740740740822,0.020156249602634565,0.09831481481481644
person,0.46212500003973705,0.04637037037037064,0.018812500079471484,0.09274074074074128
person,0.5224324547449745,0.5712129632455344,0.038385417302448904,0.16675925982439707
person,0.0400311685800557,0.16595305266203841,0.029812499920528052,0.11327907986111381
person,0.19155600292682576,0.5006850126478416,0.03407815168698486,0.13900034936975508
person,0.21809401345253018,0.5199536994651512,0.04193802690505928,0.1482407322636357
person,0.22880690499146794,0.48093474903813094,0.02103080217043498,0.11368518094663227
person,0.24781249994039534,0.5099263114929193,0.0274167886177698,0.12292568432842998
person,0.6067793376247088,0.04523737702546323,0.012392252723375326,0.06815487557870424
person,0.9493750610351563,0.20325925925925967,0.030479044596354518,0.11725925925926009
person,0.5505276284217833,0.3844919343171306,0.025820068041483304,0.13297909432870558
person,0.8125884195963544,0.18649131944444486,0.029531494140625607,0.1374618055555564
person,0.3830677083333338,0.4885182291666671,0.0385312500000009,0.16896354166666744
person,0.6651004028320313,0.39516605179398206,0.03438252766927086,0.15118641493055662
person,0.28601273496945756,0.06336378902859131,0.027598386605579547,0.09484990155255286
person,0.484302327950795,0.28387962962962976,0.03150016371409,0.13853703703703676
person,0.14457145182291697,0.9598909505208335,0.050982096354167276,0.08021809895833337
person,0.1199054768880211,0.1139295789930569,0.02954321289062552,0.12026294849537307
person,0.040071228742598726,0.7037767650462967,0.04694909811019746,0.1537821903935192
person,0.4181879103183746,0.947639130015433,0.0478890856107076,0.10472173996913405
person,0.5008819462004159,0.04858267647879513,0.030826683044432455,0.09716535295759025
person,0.5310236919493901,0.04587767969363678,0.01996277173360183,0.09175535938727356
