person,0.6204864908059444,0.9329680266203704,0.05413118473688847,0.13406394675925926
person,0.759295566479365,0.7381426662868924,0.0594026563962295,0.17050726544415395
person,0.7845980370839439,0.5228335489343722,0.040322376251221335,0.15562962680392622
person,0.6122000768184667,0.529719061957465,0.03792090559005601,0.13725062391493006
person,0.36870590125719654,0.6802683738425935,0.041075865014392636,0.18324074074074284
person,0.046071847836176585,0.8271326802571616,0.056856260776519695,0.1766785549587675
person,0.4109449613094326,0.48809295428240757,0.03578608147303157,0.15562890625000025
person,0.7744327828089401,0.37566550925925957,0.036095790227255266,0.1482986111111118
person,0.9499125613212589,0.19854769530119856,0.030306893475851263,0.11950279800979913
person,0.8979180071194965,0.209166594328704,0.02977286319732618,0.12881495949074132
person,0.9137042344808584,0.12102315136944729,0.030970968961714834,0.09160576454445012
person,0.8861864113807681,0.07105810754093157,0.027208163473341665,0.11782512711890018
person,0.8510009277926551,0.06647844785525477,0.021759613831838227,0.1027051595993984
person,0.7320361326932908,0.10991317113240592,0.018302734136581122,0.12335860499629335
person,0.6401108015378321,0.17607364061143793,0.02523096179962252,0.12370457288954169
person,0.6197927284240724,0.19880358990327793,0.0230293316311311,0.12408407988371627
person,0.49823699979782077,0.22932407124837279,0.029919637616474877,0.1270925869411884
person,0.5795813892285031,0.0935643807870373,0.022015154759089484,0.09779716435185239
person,0.3839942857865933,0.28111330134387863,0.030737233320871835,0.132361874678498
person,0.31251527913411525,0.32236006221064867,0.03238610839843889,0.1277243200231492
person,0.30965827244299443,0.2308854393507724,0.02486052636746976,0.08132503572314968
person,0.42942236328125016,0.13028064529984074,0.026634440104166993,0.1173400811089407
person,0.4544567961692811,0.12440638224283855,0.021939308484395542,0.12095252143012153
person,0.5294202230930327,0.15942216435185266,0.025458691628773938,0.1235260416666683
person,0.4775041056076687,0.140352863264673,0.020810213168462315,0.11550631487811144
person,0.3899445652961731,0.050072590686657904,0.020821340878804523,0.09028407026220167
person,0.20116573311664446,0.07389393245241901,0.023558318085140507,0.10457839023920017
person,0.12469665665979693,0.09172369246620342,0.03353185860315868,0.11096683580688761
person,0.06210524841149664,0.17652147010520652,0.025599819739659323,0.10998955479374639
person,0.15205715590053182,0.490186084386253,0.036522171320739594,0.15454012144740284
person,0.1939011335372925,0.5271734199209972,0.02872023582458496,0.1360534531393146
person,0.21793818442026786,0.5493095595748336,0.037416896184285724,0.14859452424225986
person,0.23048618809382126,0.5091657440750688,0.02826469389597568,0.10963501824273005
person,0.25372902456919366,0.5361616572627316,0.028941203435262342,0.1226806640625
person,0.6912221272786462,0.05329537624783,0.017451578776042472,0.09223311360677111
person,0.6731953687270483,0.08106682049786625,0.014989695787429605,0.06489188752351023
person,0.8347483102798461,0.0671767695391625,0.020517128372192297,0.09852599278202871
