person,0.6052851359049479,0.859388744212964,0.046721394856770834,0.18603732638889092
person,0.7192044099171956,0.7394858579282417,0.06008443832397461,0.1591764322916687
person,0.7990768432617188,0.5708457169709382,0.04195048014322916,0.15705240037706164
person,0.6134560139973966,0.47196433738425997,0.03537963867187652,0.12533058449074208
person,0.36940775553385474,0.5925321903935196,0.03628865559895947,0.1697504340277798
person,0.06586791992187575,0.8442182074652785,0.06336832682291818,0.16230432581018653
person,0.4077876790364589,0.4270131655092596,0.03036214192708447,0.14541811342592662
person,0.789398091634115,0.42780677654125077,0.03984965006510492,0.15229324058250146
person,0.9540905257066091,0.22582302517361214,0.02974477211634318,0.12168728298611314
person,0.9080140656232828,0.2383763744212973,0.031549371480940634,0.13176576967592796
person,0.9195600382486987,0.14231384065416125,0.029421590169272347,0.09148170329906323
person,0.888879633347194,0.08255594748037832,0.028696766694385662,0.1184502919514974
person,0.8562655707200368,0.0686675347222229,0.02111878792444865,0.10599826388889023
person,0.7299367161591855,0.10438096788194445,0.019456765651701364,0.11994176793981481
person,0.6384996541341148,0.14541124131944547,0.02372985839843788,0.12510344328703907
person,0.6214936319986984,0.16594599971064816,0.02586690266927197,0.12088577835648148
person,0.4975434879461924,0.25542968750000067,0.02974477211634318,0.128770254629631
person,0.5789766438802085,0.11154278790509294,0.024025878906250377,0.09765516493055623
person,0.37998718261718806,0.2417856626157421,0.03023396809895947,0.13457682291666936
person,0.3117590332031256,0.3449044404206453,0.032836100260417805,0.12691102204499422
person,0.31195610463619233,0.25336552372685184,0.025580503543217975,0.08493561921296297
person,0.4239694213867191,0.11712782118055556,0.01914449055989659,0.12222583912037037
person,0.4521919759114591,0.11411845595748336,0.02249104817708485,0.1205654709427445
person,0.5307159423828125,0.18432110821759293,0.026588948567708333,0.1289503761574081
person,0.48530639648437557,0.11569824218750001,0.01803304036458447,0.11304796006944445
person,0.21343485514322916,0.050694444444444445,0.021046956380208332,0.10138888888888889
person,0.15106313069661514,0.06070583767361179,0.03443623860677197,0.10710684317129765
person,0.05903557240962982,0.17078253781353986,0.025580503543217975,0.10998955479374639
person,0.14210101962089539,0.5426047092013893,0.0368835171063741,0.16330910011574143
person,0.1927760823567714,0.5198945674189822,0.03226033528645947,0.13687753182870505
person,0.21615173339843827,0.5410850948757596,0.03519653320312652,0.14859452424225986
person,0.2297763061523445,0.5013427734375,0.021489054361980682,0.11120334201388889
person,0.25160639484723407,0.5299384223090278,0.02974477211634318,0.1226806640625
person,0.6870614681641266,0.046666666666668015,0.019852102994917686,0.09333333333333603
person,0.665597299238046,0.07518014201411495,0.015048765142758687,0.06460001203748915
person,0.8384263257185618,0.070509437278465,0.01799848477045695,0.09988027501989294
person,0.9712123616536454,0.6457045717592607,0.04617431640624924,0.16562789351852122
person,0.7314274171988169,0.030134317609998917,0.02127768596013387,0.06026863521999783
person,0.483697713216146,0.03715408113267687,0.019792073567708714,0.07430816226535374
