person,0.5695001930197084,0.26338409635755755,0.03089621937274825,0.13910217709011502
person,0.6308723042607309,0.1233702799479173,0.027692891399066017,0.10646314380787165
person,0.36657830804586466,0.10989321108217694,0.02562463366985413,0.12715802228009462
person,0.3867212219039606,0.05747205924987914,0.02582830806573367,0.11227810287475828
person,0.9796871960163116,0.6386111082854095,0.04062439203262329,0.18740740175600407
person,0.93367747024695,0.34919444515087045,0.03921875071525432,0.1484629643758126
person,0.9741849574844044,0.20943551070601793,0.027432292898495567,0.1204814814814802
person,0.7297497912496332,0.08398001416524178,0.02068447833259827,0.12389110833627061
person,0.507604491710662,0.7387916653951013,0.047395873069761646,0.17062036782723802
person,0.6296086207230882,0.49126851696438384,0.03237499698003058,0.13740740429913315
person,0.2955214432875313,0.8752129629629642,0.05333333253860436,0.18290740740740485
person,0.2781769002278646,0.6886008789627631,0.04054203287760423,0.15553704438385874
person,0.4384737852215762,0.04734259259259354,0.020145812630652432,0.09468518518518708
person,0.4622031655112909,0.04440277777777822,0.0185415849288292,0.08880555555555644
person,0.524010640819867,0.5804074081138342,0.03886458404858827,0.16622222363507044
person,0.038268137653669404,0.16692527446040525,0.029411641518276306,0.11342722716155111
person,0.19147322090864108,0.5007683894687236,0.03424376440842802,0.1388335960670747
person,0.2180106902519864,0.5199536994651512,0.04210471383730523,0.1482407322636357
person,0.22895536291599294,0.48124486188535315,0.020733886639276496,0.11306481057626183
person,0.24775390620529653,0.5098638525009148,0.02742457062999411,0.12305065783747664
person,0.6051844278772673,0.04502356409143532,0.012045979777971401,0.06822688802083307
person,0.950916666686535,0.20649075882523182,0.03058333337306974,0.11725922309027839
person,0.5500209959149358,0.3754583333333343,0.026052123665809054,0.1309166666666685
person,0.8109270019531252,0.1816439887152782,0.029843912760416914,0.137378689236112
person,0.383127604166667,0.48056452546296347,0.038651041666667336,0.16972280092592684
person,0.6642140706380208,0.38436955685085755,0.034592692057291666,0.1492053318730113
person,0.2904952790141111,0.0636444419578267,0.02811563940842839,0.09504083704065326
person,0.48431288717190357,0.2909118910895453,0.03147920858859869,0.14100925671612763
person,0.11986509195963559,0.11645377604166798,0.029519816080729497,0.12031315104166927
person,0.04401226878166122,0.7152779586226856,0.04694909811019745,0.1537821903935192
person,0.4183066194057465,0.9402916304976864,0.04789184395472207,0.11941666666666396
person,0.5009886690179502,0.04952777777777842,0.03061312091350447,0.09905555555555684
person,0.530806835492452,0.04734717722292401,0.019962771733601888,0.09469435444584802
