person,0.5694168494542445,0.2609813365229854,0.03106286557515349,0.138481770268193
person,0.6313280435800553,0.12197222222222283,0.026948079347610825,0.10616666666666788
person,0.3667762043078746,0.10830530237268621,0.025572590907415458,0.12709309895833534
person,0.3868800455331808,0.05642578082614583,0.025510579347611657,0.11048176998562499
person,0.9796871960163116,0.6386111082854095,0.04062439203262329,0.18740740175600407
person,0.9340993248621616,0.3513055555555561,0.039322917302448225,0.1488703703703693
person,0.9744636643727621,0.21081510416666618,0.02757291793823195,0.12096296296296175
person,0.7297269895672802,0.08396728713424048,0.020651895801225586,0.12391656211570316
person,0.5075523269176475,0.7436018507215718,0.04750008026758679,0.17179629403573382
person,0.629712848504384,0.49457407237865414,0.03323958047230953,0.13740740401656323
person,0.2955214432875313,0.8792222222222235,0.05333333253860436,0.18229629629629387
person,0.27791650390625006,0.6923880239416044,0.04056282552083343,0.15588889510542983
person,0.43817173242568935,0.0467222222222231,0.020135375658670303,0.0934444444444462
person,0.46188028955459665,0.04426851851851906,0.018593586921690886,0.08853703703703812
person,0.524765869458516,0.5846111111111124,0.038927083969115255,0.16670370370370116
person,0.038020752032598464,0.1675549760041425,0.029291829586030264,0.11351967423050696
person,0.19144562690257952,0.5007961817423511,0.034298968648909064,0.138778011632848
person,0.21798291585180518,0.5199536994651512,0.04216027614805385,0.1482407322636357
person,0.2290048488908346,0.4813482328344272,0.020634914795556993,0.11285802045280496
person,0.2477343749602636,0.5098430328369132,0.02742716463406888,0.12309231567382553
person,0.6048780313730241,0.04506105324074101,0.012276977459589134,0.06809259259259205
person,0.9510520833730697,0.2073333695023151,0.03043750007947293,0.11674066840277833
person,0.5495990802447,0.3726296296296304,0.02611466439564995,0.13025925925926085
person,0.8103176472981772,0.17976891637731537,0.029948038736979515,0.1367955005787048
person,0.3828177083333336,0.4783053385416673,0.038031250000000585,0.16953747106481587
person,0.6642140706380208,0.38091594385217764,0.034592692057291666,0.14868663307472568
person,0.29209529534975726,0.06407798117178438,0.02854492012659608,0.09523177252875367
person,0.4844066168467198,0.29353674655490436,0.031291749318439345,0.14155555329499392
person,0.11970739746093766,0.11800900607639017,0.02960603841145863,0.12036335358796554
person,0.04532594879468207,0.7191116898148151,0.04694909811019746,0.1537821903935192
person,0.4184253284931183,0.9376202980324083,0.047894602298736544,0.12475925925925664
person,0.5010954499642051,0.050259259259259864,0.030399558782576542,0.10051851851851973
person,0.530794882774353,0.048027687779180005,0.019962771733601888,0.09605537555836001
