person,0.5693335058887804,0.2585785766884133,0.031229511777558963,0.13786136344627098
person,0.6317837828993799,0.12057416449652837,0.026203267296155512,0.10587018952546412
person,0.36697410056988455,0.10671739366319545,0.02552054814497673,0.12702817563657612
person,0.38703886916240104,0.05537950240241251,0.025192850629489526,0.10868543709649169
person,0.9796871960163116,0.6386111082854095,0.04062439203262329,0.18740740175600407
person,0.9345211794773731,0.35341666596024174,0.039427083889642014,0.149277776364926
person,0.97474237126112,0.21219469762731447,0.027713542977968568,0.12144444444444331
person,0.7297041878849272,0.08395456010323915,0.020619313269852786,0.12394201589513572
person,0.507500162124633,0.7484120360480421,0.047604287465411885,0.17297222024422984
person,0.6298170762856796,0.4978796277929245,0.03410416396458859,0.13740740373399335
person,0.2955214432875313,0.8832314814814827,0.05333333253860436,0.1816851851851829
person,0.2776561075846355,0.6961751689204458,0.0405836181640626,0.15624074582700115
person,0.4378696796298024,0.046101851851852664,0.020124938686688174,0.09220370370370533
person,0.46155741359790237,0.0441342592592599,0.01864558891455263,0.0882685185185198
person,0.525521098097165,0.5888148141083906,0.03898958388964241,0.16718518377233185
person,0.03777336641152753,0.16818467754787975,0.029172017653784226,0.11361212129946276
person,0.191418032896518,0.5008239740159783,0.03435417288939012,0.13872242719862118
person,0.21795514145162395,0.5199536994651512,0.0422158384588025,0.1482407322636357
person,0.22905433486567628,0.4814516037835013,0.020535942951837517,0.11265123032934826
person,0.2477148437152307,0.5098222131729117,0.02742975863814365,0.12313397351017452
person,0.6045716348687806,0.0450985423900467,0.012507975141206747,0.06795829716435105
person,0.9511875000596047,0.20817598017939837,0.030291666785875884,0.11622211371527824
person,0.5491771645744642,0.36980092592592667,0.026177205125490724,0.1296018518518533
person,0.8097082926432293,0.1778938440393525,0.030052164713541885,0.13621231192129757
person,0.38250781250000027,0.476046151620371,0.03741145833333389,0.169352141203705
person,0.6642140706380208,0.3774623308534978,0.034592692057291666,0.14816793427643998
person,0.2936953116854035,0.06451152038574205,0.028974200844763823,0.09542270801685407
person,0.48450034652153606,0.2961616020202635,0.03110429004828011,0.1421018498738603
person,0.11954970296223971,0.11956423611111236,0.029692260742187775,0.12041355613426175
person,0.04663962880770289,0.7229454210069448,0.04694909811019746,0.1537821903935192
person,0.41854403758049014,0.9349489655671303,0.047897360642750894,0.13010185185184941
person,0.5012022309104598,0.050990740740741315,0.030185996651648554,0.10198148148148263
person,0.5307829300562541,0.04870819833543599,0.019962771733601888,0.09741639667087199
