person,0.5692501623233165,0.2561758168538411,0.0313961579799642,0.13724095662434896
person,0.6322395222187043,0.11917610677083389,0.025458455244700317,0.10557371238426035
person,0.3671719968318945,0.10512948495370472,0.025468505382538056,0.12696325231481684
person,0.38719769279162125,0.0543332239786792,0.024875121911367516,0.10688910420735839
person,0.9796871960163116,0.6386111082854095,0.04062439203262329,0.18740740175600407
person,0.9349430340925847,0.3555277763649274,0.03953125047683592,0.1496851823594827
person,0.9750210781494777,0.21357429108796272,0.02785416801770495,0.12192592592592486
person,0.7296813862025741,0.08394183307223783,0.020586730738480104,0.12396746967456829
person,0.5074479973316185,0.7532222213745126,0.04770849466323703,0.17414814645272564
person,0.6299213040669754,0.5011851832071949,0.03496874745686753,0.13740740345142344
person,0.2955214432875313,0.8872407407407419,0.05333333253860436,0.18107407407407192
person,0.2773957112630209,0.6999623138992871,0.040604410807291796,0.15659259654857224
person,0.4375676268339155,0.045481481481482226,0.02011450171470604,0.09096296296296445
person,0.4612345376412081,0.04400000000000074,0.01869759090741431,0.08800000000000148
person,0.5262763267358139,0.5930185171056689,0.03905208381016939,0.16766666384096257
person,0.03752598079045659,0.16881437909161698,0.02905220572153818,0.11370456836841861
person,0.19139043889045643,0.5008517662896058,0.03440937712987117,0.13866684276439442
person,0.2179273670514427,0.5199536994651512,0.042271400769551125,0.1482407322636357
person,0.22910382084051795,0.48155497473257536,0.02043697110811801,0.1124444402058914
person,0.24769531247019774,0.5098013935089101,0.027432352642218424,0.1231756313465234
person,0.6042652383645374,0.045136031539352396,0.012738972822824478,0.06782400173611003
person,0.9513229167461394,0.20901859085648167,0.030145833492279075,0.11570355902777818
person,0.5487552489042283,0.3669722222222228,0.02623974585533162,0.12894444444444564
person,0.8090989379882814,0.17601877170138966,0.03015629069010449,0.1356291232638904
person,0.38219791666666686,0.47378696469907483,0.03679166666666713,0.16916681134259404
person,0.6642140706380208,0.3740087178548179,0.034592692057291666,0.14764923547815437
person,0.29529532802104974,0.06494505959969973,0.02940348156293151,0.09561364350495448
person,0.4845940761963523,0.2987864574856226,0.030916830778120758,0.1426481464527266
person,0.11939200846354178,0.12111946614583455,0.029778483072916907,0.120463758680558
person,0.04795330882072373,0.7267791521990744,0.046949098110197464,0.1537821903935192
person,0.418662746667862,0.9322776331018523,0.04790011898676537,0.13544444444444212
person,0.5013090118567146,0.051722222222222766,0.029972434520720626,0.10344444444444553
person,0.5307709773381551,0.04938870889169199,0.019962771733601888,0.09877741778338398
