person,0.5691668187578524,0.25377305701926905,0.03156280418236956,0.13662054980242694
person,0.6326952615380288,0.1177780490451394,0.02471364319324512,0.10527723524305657
person,0.36736989309390444,0.10354157624421398,0.025416462620099386,0.12689832899305759
person,0.3873565164208415,0.05328694555494588,0.024557393193245503,0.10509277131822509
person,0.9796871960163116,0.6386111082854095,0.04062439203262329,0.18740740175600407
person,0.9353648887077961,0.357638886769613,0.03963541706402983,0.1500925883540394
person,0.9752997850378354,0.21495388454861095,0.027994793057441333,0.1224074074074064
person,0.7296585845202211,0.08392910604123653,0.020554148207107423,0.12399292345400084
person,0.507395832538604,0.7580324067009828,0.047812701861062123,0.17532407266122155
person,0.6300255318482713,0.5044907386214652,0.03583333094914659,0.13740740316885355
person,0.2955214432875313,0.8912500000000011,0.05333333253860436,0.18046296296296094
person,0.27713531494140636,0.7037494588781287,0.04062520345052102,0.15694444727014342
person,0.4372655740380286,0.04486111111111179,0.02010406474272391,0.08972222222222358
person,0.46091166168451375,0.043865740740741586,0.018749592900275995,0.08773148148148317
person,0.5270315553744628,0.5972222201029471,0.0391145837306965,0.1681481439095933
person,0.037278595169385656,0.1694440806353542,0.02893239378929214,0.11379701543737443
person,0.19136284488439484,0.5008795585632332,0.03446458137035222,0.13861125833016763
person,0.21789959265126146,0.5199536994651512,0.042326963080299776,0.1482407322636357
person,0.2291533068153596,0.4816583456816494,0.020337999264398506,0.11223765008243453
person,0.24767578122516481,0.5097805738449086,0.027434946646293194,0.12321728918287228
person,0.6039588418602941,0.045173520688658084,0.012969970504442093,0.06768970630786902
person,0.9514583334326744,0.209861201533565,0.03000000019868215,0.11518500434027812
person,0.5483333332339925,0.36414351851851906,0.026302286585172394,0.12828703703703806
person,0.8084895833333334,0.17414369936342677,0.030260416666666855,0.13504593460648318
person,0.3818880208333335,0.47152777777777866,0.03617187500000038,0.16898148148148318
person,0.6642140706380208,0.3705551048561381,0.034592692057291666,0.1471305366798687
person,0.296895344356696,0.06537859881365742,0.029832762281099198,0.09580457899305489
person,0.48468780587116855,0.30141131295098167,0.030729371507961407,0.14319444303159293
person,0.11923431396484384,0.12267469618055674,0.02986470540364602,0.12051396122685422
person,0.049266988833744564,0.7306128833912041,0.04694909811019746,0.1537821903935192
person,0.41878145575523384,0.9296063006365742,0.04790287733077984,0.14078703703703468
person,0.5014157928029694,0.05245370370370421,0.029758872389792638,0.10490740740740842
person,0.5307589398490058,0.05061830944485135,0.01996277173360183,0.09904055889741875
