person,0.5690834751923882,0.25137029718469694,0.03172945038477491,0.13600014298050495
person,0.6331510008573533,0.11637999131944492,0.02396883114178993,0.1049807581018528
person,0.36756778935591433,0.10195366753472324,0.025364419857660712,0.12683340567129833
person,0.3875153400500617,0.05224066713121256,0.02423966447512349,0.1032964384290918
person,0.9796871960163116,0.6386111082854095,0.04062439203262329,0.18740740175600407
person,0.9357867433230076,0.35974999717429856,0.03973958365122374,0.15049999434859612
person,0.9755784919261932,0.21633347800925917,0.028135418097177716,0.12288888888888795
person,0.7296357828378681,0.08391637901023523,0.020521565675734738,0.1240183772334334
person,0.5073436677455895,0.7628425920274532,0.047916909058887215,0.17649999886971748
person,0.630129759629567,0.5077962940357356,0.03669791444142566,0.13740740288628364
person,0.2955214432875313,0.8952592592592602,0.05333333253860436,0.17985185185184996
person,0.2768749186197918,0.7075366038569701,0.04064599609375025,0.15729629799171463
person,0.4369635212421417,0.04424074074074135,0.02009362777074178,0.0884814814814827
person,0.4605887857278194,0.043731481481482426,0.018801594893137676,0.08746296296296485
person,0.5277867840131117,0.6014259231002255,0.0391770836512236,0.16862962397822398
person,0.037031209548314716,0.17007378217909147,0.028812581857046098,0.11388946250633024
person,0.1913352508783333,0.5009073508368606,0.03451978561083327,0.13855567389594076
person,0.21787181825108023,0.5199536994651512,0.04238252539104842,0.1482407322636357
person,0.22920279279020128,0.4817617166307235,0.020239027420679002,0.11203085995897782
person,0.2476562499801319,0.5097597541809071,0.027437540650367964,0.12325894701922117
person,0.6036524453560509,0.04521100983796377,0.013200968186059706,0.06755541087962802
person,0.9515937501192093,0.21070381221064832,0.02985416690508522,0.11466644965277806
person,0.5479114175637566,0.36131481481481525,0.026364827315013172,0.12762962962963045
person,0.8078802286783855,0.1722686270254639,0.030364542643229225,0.13446274594907595
person,0.38157812500000016,0.4692685908564825,0.03555208333333362,0.16879615162037231
person,0.6642140706380208,0.3671014918574582,0.034592692057291666,0.14661183788158302
person,0.2984953606923423,0.06581213802761508,0.030262042999266884,0.0959955144811553
person,0.4847815355459848,0.30403616841634074,0.030541912237802057,0.14374073961045927
person,0.11907661946614591,0.12422992621527892,0.02995092773437514,0.12056416377315042
person,0.051596718986828494,0.7342942165798615,0.047543413559594495,0.15427058015046363
person,0.41890016484260567,0.9269349681712963,0.04790563567479431,0.14612962962962725
person,0.5015225737492243,0.05318518518518566,0.02954531025886465,0.10637037037037132
person,0.5307469023598566,0.051847909998010706,0.019962771733601947,0.0993037000114535
