person,0.5690001316269243,0.24896753735012478,0.03189609658718015,0.1353797361585829
person,0.6336067401766777,0.11498193359375045,0.023224019090334735,0.10468428096064902
person,0.36776568561792433,0.10036575882523249,0.025312377095222043,0.12676848234953905
person,0.387674163679282,0.05119438870747925,0.023921935757001477,0.1015001055399585
person,0.9796871960163116,0.6386111082854095,0.04062439203262329,0.18740740175600407
person,0.9362085979382192,0.36186110757898426,0.039843750238417644,0.1509074003431528
person,0.9758571988145509,0.21771307146990743,0.028276043136914095,0.12337037037036949
person,0.7296129811555151,0.08390365197923391,0.020488983144362056,0.12404383101286595
person,0.5072915029525749,0.7676527773539237,0.04802111625671236,0.17767592507821328
person,0.6302339874108628,0.5111018494500058,0.0375624979337046,0.13740740260371376
person,0.2955214432875313,0.8992685185185194,0.05333333253860436,0.179240740740739
person,0.27661452229817723,0.7113237488358114,0.04066678873697945,0.15764814871328572
person,0.43666146844625486,0.04362037037037091,0.02008319079875965,0.08724074074074183
person,0.46026590977112514,0.04359722222222327,0.01885359688599936,0.08719444444444654
person,0.5285420126517607,0.6056296260975036,0.03923958357175058,0.1691111040468547
person,0.036783823927243775,0.1707034837228287,0.028692769924800052,0.11398190957528609
person,0.19130765687227175,0.5009351431104879,0.034574989851314325,0.13850008946171405
person,0.21784404385089892,0.5199536994651512,0.04243808770179707,0.1482407322636357
person,0.22925227876504295,0.4818650875797975,0.020140055576959526,0.11182406983552096
person,0.24763671873509896,0.5097389345169056,0.027440134654442734,0.12330060485557005
person,0.6033460488518076,0.04524849898726946,0.01343196586767744,0.067421115451387
person,0.9517291668057442,0.2115464228877316,0.029708333611488412,0.114147894965278
person,0.5474895018935207,0.3584861111111114,0.026427368044854068,0.1269722222222228
person,0.8072708740234376,0.17039355468750106,0.030468668619791826,0.13387955729166875
person,0.38126822916666675,0.46700940393518625,0.03493229166666687,0.16861082175926134
person,0.6642140706380208,0.3636478788587783,0.034592692057291666,0.1460931390832974
person,0.30009537702798844,0.06624567724157278,0.03069132371743457,0.0961864499692557
person,0.48487526522080104,0.3066610238816998,0.030354452967642706,0.14428703618932556
person,0.11891892496744798,0.1257851562500011,0.03003715006510427,0.12061436631944668
person,0.05392644913991243,0.7379755497685189,0.048137729008991534,0.15475896990740798
person,0.41901887392997755,0.9242636357060182,0.04790839401880878,0.15147222222221995
person,0.5016293546954791,0.053916666666667105,0.02933174812793672,0.10783333333333421
person,0.5307348648707072,0.05307751055117007,0.019962771733601888,0.09956684112548829
