person,0.5689167880614602,0.24656477751555267,0.032062742789585624,0.13475932933666088
person,0.6340624794960023,0.11358387586805596,0.02247920703887942,0.10438780381944526
person,0.3679635818799342,0.09877785011574175,0.02526033433278331,0.1267035590277798
person,0.3878329873085022,0.05014811028374593,0.023604207038879346,0.09970377265082518
person,0.9796871960163116,0.6386111082854095,0.04062439203262329,0.18740740175600407
person,0.9366304525534307,0.36397221798366985,0.039947916825611426,0.15131480633770952
person,0.9761359057029088,0.2190926649305557,0.028416668176650717,0.12385185185185106
person,0.7295901794731621,0.08389092494823258,0.020456400612989256,0.12406928479229852
person,0.5072393381595605,0.7724629626803939,0.048125323454537454,0.1788518512867093
person,0.6303382151921584,0.5144074048642762,0.03842708142598366,0.13740740232114385
person,0.2955214432875313,0.9032777777777786,0.05333333253860436,0.17862962962962803
person,0.27635412597656267,0.715110893814653,0.040687581380208615,0.15799999943485704
person,0.4363594156503679,0.043000000000000475,0.02007275382677752,0.08600000000000095
person,0.4599430338144308,0.043462962962964105,0.018905598878861105,0.08692592592592821
person,0.5292972412904097,0.6098333290947819,0.039302083492277734,0.16959258411548542
person,0.03653643830617284,0.17133318526656593,0.028572957992554014,0.1140743566442419
person,0.1912800628662102,0.5009629353841153,0.03463019409179537,0.13844450502748723
person,0.2178162694507177,0.5199536994651512,0.04249365001254572,0.1482407322636357
person,0.22930176473988462,0.48196845852887155,0.02004108373324005,0.11161727971206409
person,0.24761718749006606,0.5097181148529041,0.027442728658517504,0.12334226269191904
person,0.6030396523475642,0.04528598813657515,0.013662963549295052,0.067286820023146
person,0.9518645834922791,0.21238903356481487,0.029562500317891368,0.11362934027777791
person,0.547067586223285,0.35565740740740764,0.026489908774694843,0.12631481481481527
person,0.8066615193684896,0.16851848234953817,0.030572794596354196,0.13329636863426156
person,0.3809583333333334,0.4647502170138901,0.034312500000000176,0.16842549189815045
person,0.6642140706380208,0.3601942658600985,0.034592692057291666,0.14557444028501168
person,0.3016953933636347,0.06667921645553043,0.031120604435602318,0.0963773854573561
person,0.4849689948956173,0.309285879347059,0.030166993697483473,0.14483333276819196
person,0.11876123046875003,0.1273403862847233,0.030123372395833417,0.1206645688657429
person,0.05625617929299636,0.7416568829571761,0.04873204445838855,0.1552473596643523
person,0.4191375830173494,0.9215923032407403,0.04791115236282314,0.15681481481481274
person,0.5017361356417338,0.054648148148148556,0.029118185997008734,0.10929629629629711
person,0.5307228273815578,0.05430711110432943,0.01996277173360183,0.09982998223952307
