person,0.5687501009305322,0.24175925784640842,0.03239603519439621,0.13351851569281684
person,0.6349739581346512,0.110787760416667,0.020989582935969035,0.10379484953703771
person,0.3683593744039541,0.09560203269676028,0.025156248807905967,0.1265737123842613
person,0.38815063456694265,0.0480555534362793,0.022968749602635324,0.0961111068725586
person,0.9374741617838538,0.3681944387930411,0.04015624999999924,0.15212961832682292
person,0.9766933194796242,0.2218518518518522,0.028697918256123483,0.12481481481481414
person,0.729544576108456,0.08386547088622996,0.020391235550243893,0.12412019235116363
person,0.5071350085735313,0.7820833333333347,0.04833373785018769,0.181203703703701
person,0.63054667075475,0.5210185156928169,0.04015624841054167,0.13740740175600405
person,0.2955214432875313,0.911296296296297,0.05333333253860436,0.17740740740740607
person,0.27583333333333354,0.7226851837723357,0.040729166666667045,0.15870370087799934
person,0.43575531005859414,0.0417592592592596,0.020051879882813258,0.0835185185185192
person,0.45929728190104224,0.04319444444444579,0.01900960286458447,0.08638888888889158
person,0.5308076985677076,0.6182407350893384,0.039427083333331815,0.17055554425274683
person,0.03604166706403097,0.17259258835404043,0.02833333412806193,0.11425925078215356
person,0.19122487485408707,0.50101851993137,0.034740602572757476,0.13833333615903368
person,0.2177607206503552,0.5199536994651512,0.042604774634043,0.1482407322636357
person,0.22940073668956795,0.4821752004270197,0.01984314004580104,0.11120369946515052
person,0.24757812500000018,0.509676475524901,0.027447916666667044,0.12342557836461682
person,0.6024268593390777,0.045360966435186535,0.014124958912530398,0.06701822916666397
person,0.9521354168653487,0.2140742549189815,0.02927083373069763,0.11259223090277778
person,0.5462237548828133,0.35000000000000003,0.026614990234376516,0.125
person,0.8054428100585938,0.16476833767361246,0.030781046549479166,0.13212999131944714
person,0.38033854166666664,0.46023184317129767,0.03307291666666667,0.16805483217592862
person,0.6642140706380208,0.35328703986273874,0.034592692057291666,0.1445370426884404
person,0.3048954260349272,0.0675462948834458,0.03197916587193769,0.09675925643355691
person,0.4851564542452498,0.3145355902777771,0.02979207515716477,0.14592592592592457
person,0.11844584147135416,0.13045084635416768,0.030295817057291667,0.12076497395833535
person,0.06091563959916423,0.7490195493344909,0.04992067535718263,0.15622413917824107
person,0.4193750011920931,0.9162496383101842,0.04791666905085208,0.16749999999999798
person,0.5019496975342435,0.05611111111111145,0.028691061735152817,0.1122222222222229
person,0.5306987524032593,0.05676631221064815,0.019962771733601888,0.10035626446759259
