person,0.5689219657977425,0.23947688674926768,0.03236476492881704,0.13287955474853536
person,0.6356198321580886,0.10950057870370411,0.021104166269302265,0.10310995370370453
person,0.368294260124366,0.09362509042245469,0.025026060938834208,0.12613870804398344
person,0.3882700769934388,0.04739583139066346,0.02301639096604428,0.09479166278132692
person,0.9375470682779946,0.36948610602484816,0.04030206298828069,0.15128702686451106
person,0.9772661342223484,0.22268981481481523,0.029010417858759158,0.12430555555555522
person,0.7295217744261031,0.08385274385522866,0.020358653018871208,0.1241456461305962
person,0.5073824452559146,0.7867777776364939,0.04828682247797514,0.18212962934705704
person,0.6313253369331354,0.5242361081441246,0.03953645674387509,0.137490734806767
person,0.29483908045291884,0.9136757453635891,0.0533333529631293,0.17264800403736097
person,0.27531248982747414,0.7253287025734244,0.040875020345052526,0.15732407181351002
person,0.5314143878618869,0.6224074026037156,0.03950520801544049,0.1721851755777973
person,0.03604166706403097,0.17270829306708474,0.02833333412806193,0.11402769724527928
person,0.19122487485408707,0.5012361308910236,0.034740602572757476,0.13789818770797024
person,0.21777027604315036,0.5198644525033457,0.042604774634043,0.14824073226363577
person,0.22948668432235753,0.4821752004270197,0.019671285311380307,0.11120369946515052
person,0.24758051554361998,0.5096108107154739,0.027447916666667044,0.1233529148337255
person,0.602270100732644,0.045542462384260546,0.013811441699662788,0.06717751736110855
person,0.95259376035134,0.21562979253133144,0.02946873001257586,0.11305523031729231
person,0.5463748169740048,0.3479213324652779,0.026312866369884582,0.12532400173611138
person,0.8048985290527343,0.16242574508101978,0.030411275227864583,0.13151888020833585
person,0.38028904215494785,0.4565419921875013,0.03317187499999985,0.16721231192129882
person,0.6638108927408854,0.35006020581280745,0.03468029785156261,0.14384256150987412
person,0.3064657791455585,0.06754622254548277,0.030786457379658513,0.09675925643355691
person,0.48519036938746796,0.3169848090277773,0.030151409347851297,0.14649074074073926
person,0.11856891886393234,0.1317515190972233,0.030455912272135496,0.12107103587963175
person,0.06324536975224816,0.7527008825231484,0.05051499080657967,0.15671252893518553
person,0.41885540878772765,0.9109617332175917,0.047591270049412826,0.16749999999999798
person,0.5017598677343793,0.05618827160493861,0.028728068802091517,0.11237654320987722
person,0.5305672216415405,0.057916015625000074,0.01996277173360183,0.10044574652777792
