person,0.5690938306649529,0.23719451565212696,0.03233349466323787,0.13224059380425388
person,0.636265706181526,0.10821339699074121,0.021218749602635492,0.10242505787037133
person,0.36822914584477795,0.09164814814814909,0.02489587306976239,0.1257037037037056
person,0.38838951941993494,0.04673610934504762,0.023064032329453237,0.09347221869009524
person,0.9376199747721352,0.3707777732566552,0.04044787597656215,0.15044443540219923
person,0.9778389489650724,0.2235277777777783,0.029322917461394836,0.1237962962962963
person,0.72949897274375,0.08384001682422736,0.020326070487498526,0.12417109991002875
person,0.5076298819382979,0.7914722219396532,0.048239907105762585,0.18305555499041307
person,0.632104003111521,0.5274537005954322,0.03891666507720863,0.13757406785752982
person,0.29415671761830636,0.9160551944308815,0.05333337338765431,0.1678886006673161
person,0.27479164632161485,0.7279722213745131,0.041020874023438035,0.1559444427490207
person,0.5320210771560663,0.6265740701180929,0.03958333269754917,0.173814806902848
person,0.03604166706403097,0.1728239977801291,0.02833333412806193,0.11379614370840502
person,0.19122487485408707,0.5014537418506773,0.034740602572757476,0.1374630392569068
person,0.21777983143594548,0.5197752055415401,0.042604774634043,0.1482407322636357
person,0.22957263195514713,0.4821752004270197,0.019499430576959575,0.11120369946515052
person,0.2475829060872398,0.5095451459060468,0.027447916666667044,0.12328025130283422
person,0.60211334212621,0.045723958333334556,0.01349792448679518,0.06733680555555313
person,0.9530521038373312,0.21718533014368135,0.02966662629445409,0.11351822973180688
person,0.5465258790651963,0.3458426649305558,0.02601074250539265,0.12564800347222277
person,0.804354248046875,0.16008315248842706,0.03004150390625,0.13090776909722454
person,0.3802395426432291,0.4528521412037049,0.0332708333333331,0.16636979166666904
person,0.66340771484375,0.3468333717628762,0.03476790364583356,0.14314808033130788
person,0.30803613225619,0.06754615020751974,0.029593748887379392,0.09675925643355691
person,0.48522428452968613,0.3194340277777775,0.03051074353853783,0.1470555555555539
person,0.1186919962565105,0.13305219184027886,0.030616007486979322,0.1213770978009281
person,0.0655750999053321,0.7563822157118057,0.051109306255976705,0.15720091869212985
person,0.41833581638336204,0.905673828124999,0.04726587104797352,0.16749999999999798
person,0.5015700379345153,0.05626543209876577,0.028765075869030335,0.11253086419753154
person,0.5304356908798218,0.05906571903935199,0.019962771733601888,0.10053522858796324
