person,0.5692656955321632,0.23491214455498619,0.03230222439765882,0.1316016328599724
person,0.6369115802049634,0.10692621527777832,0.021333332935968487,0.1017401620370381
person,0.36816403156518984,0.08967120587384352,0.02476568520069069,0.12526869936342774
person,0.3885089618464311,0.04607638729943178,0.023111673692862194,0.09215277459886356
person,0.937692881266276,0.37206944048846224,0.04059368896484372,0.14960184393988732
person,0.9784117637077966,0.2243657407407414,0.029635417064030632,0.12328703703703739
person,0.729476171061397,0.08382728979322601,0.020293487956125726,0.12419655368946131
person,0.5078773186206812,0.7961666662428124,0.04819299173354992,0.1839814806337691
person,0.6328826692899063,0.5306712930467398,0.038296873410541936,0.13765740090829276
person,0.29347435478369377,0.9184346434981735,0.05333339381217931,0.1631291972972711
person,0.2742708028157555,0.7306157401756017,0.041166727701823516,0.1545648136845315
person,0.5326277664502456,0.6307407376324701,0.039661457379657844,0.17544443822789849
person,0.03604166706403097,0.17293970249317345,0.02833333412806193,0.11356459017153071
person,0.19122487485408707,0.5016713528103306,0.034740602572757476,0.13702789080584335
person,0.2177893868287406,0.5196859585797345,0.042604774634043,0.1482407322636357
person,0.2296585795879367,0.4821752004270197,0.019327575842538813,0.11120369946515052
person,0.24758529663085954,0.5094794810966197,0.027447916666667044,0.1232075877719429
person,0.6019565835197763,0.045905454282408546,0.01318440727392769,0.06749609374999771
person,0.9535104473233225,0.21874086775603127,0.02986452257633232,0.11398122914632142
person,0.5466769411563879,0.34376399739583374,0.02570861864090072,0.12597200520833415
person,0.8038099670410156,0.15774055989583438,0.029671732584635416,0.1302966579861132
person,0.38019004313151017,0.44916229021990856,0.033369791666666336,0.1655272714120394
person,0.6630045369466148,0.34360653771294486,0.03485550944010451,0.1424535991527416
person,0.30960648536682134,0.0675460778695567,0.028401040395100156,0.09675925643355691
person,0.4852581996719043,0.3218832465277777,0.03087007772922424,0.14762037037036865
person,0.11881507364908865,0.13435286458333445,0.030776102701823137,0.12168315972222443
person,0.06790483005841604,0.760063548900463,0.05170362170537372,0.1576893084490742
person,0.4178162239789966,0.9003859230324064,0.04694047204653433,0.16749999999999798
person,0.5013802081346512,0.05634259259259293,0.028802082935969035,0.11268518518518586
person,0.530304160118103,0.060215422453703905,0.019962771733601888,0.10062471064814855
