person,0.5694375603993737,0.23262977345784547,0.03227095413207964,0.13096267191569091
person,0.6375574542284008,0.10563903356481542,0.021447916269301714,0.10105526620370492
person,0.36809891728560185,0.0876942635995379,0.02463549733161887,0.12483369502314991
person,0.3886284042729272,0.04541666525381594,0.02315931505627115,0.09083333050763188
person,0.9377657877604166,0.3733611077202692,0.04073950195312517,0.14875925247757552
person,0.9789845784505206,0.22520370370370446,0.02994791666666631,0.12277777777777846
person,0.7294533693790439,0.08381456276222471,0.020260905424753044,0.12422200746889388
person,0.5081247553030646,0.8008611105459716,0.048146076361337366,0.18490740627712512
person,0.633661335468292,0.5338888854980474,0.03767708174387548,0.1377407339590556
person,0.2927919919490813,0.9208140925654659,0.05333341423670432,0.15836979392722622
person,0.2737499593098962,0.7332592589766905,0.041312581380209025,0.1531851846200422
person,0.533234455744425,0.6349074051468472,0.03973958206176652,0.1770740695529492
person,0.03604166706403097,0.17305540720621782,0.02833333412806193,0.11333303663465644
person,0.19122487485408707,0.5018889637699842,0.034740602572757476,0.13659274235477992
person,0.21779894222153573,0.519596711617929,0.042604774634043,0.14824073226363566
person,0.22974452722072633,0.4821752004270197,0.01915572110811808,0.11120369946515052
person,0.24758768717447935,0.5094138162871925,0.027447916666667044,0.12313492424105164
person,0.6017998249133425,0.04608695023148256,0.01287089006106008,0.06765538194444229
person,0.9539687908093135,0.22029640536838122,0.030062418858210548,0.11444422856083597
person,0.5468280032475794,0.34168532986111166,0.025406494776408786,0.12629600694444554
person,0.8032656860351562,0.15539796730324168,0.029301961263020832,0.12968554687500186
person,0.38014054361979144,0.4454724392361122,0.03346874999999958,0.1646847511574096
person,0.6626013590494794,0.3403797036630136,0.03494311523437545,0.14175911797417537
person,0.3111768384774528,0.06754600553159368,0.027208331902821035,0.09675925643355691
person,0.4852921148141225,0.3243324652777779,0.031229411919910768,0.1481851851851833
person,0.1189381510416668,0.13565353732639002,0.030936197916666967,0.12198922164352079
person,0.07023456021149996,0.7637448820891204,0.05229793715477077,0.15817769820601854
person,0.41729663157463104,0.8950980179398138,0.046615073045095025,0.16749999999999798
person,0.5012225965942655,0.05800910424933911,0.02878622276442382,0.11334687086640309
person,0.5301726293563843,0.061365125868055835,0.019962771733601947,0.10071419270833387
