person,0.569609425266584,0.23034740236070472,0.032239683866500474,0.13032371097140943
person,0.6382033282518383,0.10435185185185253,0.021562499602634944,0.10037037037037172
person,0.3680338030060137,0.08571732132523233,0.02450530946254711,0.12439869068287206
person,0.38874784669942336,0.0447569432082001,0.023206956419680107,0.0895138864164002
person,0.9378386942545575,0.3746527749520763,0.040885314941406625,0.14791666101526366
person,0.9795573931932448,0.22604166666666753,0.03026041626930199,0.12226851851851954
person,0.7294305676966909,0.0838018357312234,0.02022832289338036,0.12424746124832643
person,0.5083721919854478,0.8055555548491309,0.04809916098912481,0.18583333192048115
person,0.6344400016466774,0.5371064779493551,0.037057290077208906,0.13782406700981853
person,0.2921096291144688,0.9231935416327579,0.05333343466122926,0.15361039055718115
person,0.27322911580403686,0.7359027777777791,0.041458435058594506,0.15180555555555286
person,0.5338411450386042,0.6390740726612244,0.03981770674387519,0.17870370087799967
person,0.03604166706403097,0.17317111191926213,0.02833333412806193,0.11310148309778217
person,0.19122487485408707,0.5021065747296377,0.034740602572757476,0.13615759390371648
person,0.21780849761433088,0.5195074646561234,0.042604774634043,0.1482407322636357
person,0.2298304748535159,0.4821752004270197,0.01898386637369735,0.11120369946515052
person,0.24759007771809916,0.5093481514777655,0.027447916666667044,0.12306226071016033
person,0.6016430663069088,0.04626844618055657,0.012557372848192472,0.06781467013888687
person,0.9544271342953048,0.22185194298073116,0.030260315140088777,0.11490722797535051
person,0.5469790653387709,0.3396066623263896,0.025104370911916855,0.1266200086805569
person,0.8027214050292969,0.153055374710649,0.02893218994140625,0.12907443576389058
person,0.38009104410807265,0.44178258825231587,0.033567708333332766,0.1638422309027798
person,0.6621981811523441,0.33715286961308233,0.0350307210286464,0.1410646367956091
person,0.3127471915880842,0.06754593319363064,0.02601562341054186,0.09675925643355691
person,0.48532602995634067,0.32678168402777813,0.031588746110597296,0.148749999999998
person,0.11906122843424498,0.13695421006944564,0.031096293131510796,0.12229528356481718
person,0.0725642903645839,0.7674262152777778,0.0528922526041678,0.15866608796296297
person,0.4167770391702656,0.8898101128472212,0.046289674043655776,0.16749999999999798
person,0.5010649850538798,0.059675615906085284,0.028770362592878723,0.11400855654762031
person,0.5300410985946655,0.06251482928240774,0.019962771733601888,0.1008036747685192
