person,0.5697812901337942,0.22806503126356398,0.032208413600921304,0.12968475002712795
person,0.6388492022752758,0.10306467013888963,0.02167708293596817,0.09968547453703853
person,0.3679686887264256,0.08374037905092675,0.024375121593475352,0.12396368634259422
person,0.3888672891259195,0.044097221162584264,0.023254597783089064,0.08819444232516853
person,0.9379116007486983,0.37594444218388334,0.041031127929688084,0.1470740695529518
person,0.9801302079359688,0.22687962962963057,0.030572915871937667,0.12175925925926061
person,0.729407766014338,0.08378910870022209,0.020195740362007678,0.12427291502775899
person,0.5086196286678311,0.81024999915229,0.04805224561691226,0.18675925756383718
person,0.6352186678250628,0.5403240704006628,0.03643749841054233,0.13790740006058147
person,0.2914272662798563,0.9255729907000501,0.053333455085754204,0.14885098718713605
person,0.27270827229817746,0.7385462965788678,0.04160428873697999,0.15042592649106354
person,0.5344478343327836,0.6432407401756016,0.039895831425983866,0.18033333220305017
person,0.03604166706403097,0.17328681663230647,0.02833333412806193,0.1128699295609079
person,0.19122487485408707,0.5023241856892913,0.034740602572757476,0.13572244545265308
person,0.217818053007126,0.519418217694318,0.042604774634043,0.14824073226363577
person,0.22991642248630548,0.4821752004270197,0.018812011639276614,0.11120369946515052
person,0.24759246826171893,0.5092824866683383,0.027447916666667044,0.12298959717926895
person,0.601486307700475,0.04644994212963058,0.012243855635324864,0.06797395833333145
person,0.9548854777812961,0.22340748059308108,0.030458211421967005,0.11537022738986503
person,0.5471301274299625,0.3375279947916675,0.02480224704742492,0.12694401041666828
person,0.8021771240234374,0.15071278211805633,0.028562418619791665,0.1284633246527793
person,0.38004154459635386,0.4380927372685195,0.03366666666666595,0.16299971064815
person,0.6617950032552087,0.3339260355631511,0.03511832682291735,0.1403701556170428
person,0.31431754469871553,0.06754586085566762,0.02482291491826268,0.09675925643355691
person,0.48535994509855884,0.32923090277777833,0.03194808030128383,0.14931481481481265
person,0.11918430582682316,0.13825488281250123,0.03125638834635462,0.12260134548611357
person,0.0739282633066182,0.7728020824856231,0.05259366854031971,0.1616550908971712
person,0.4162574467659001,0.8845222077546286,0.04596427504221653,0.16749999999999798
person,0.5009073735134941,0.06134212756283146,0.028754502421333504,0.11467024222883752
person,0.5299095678329467,0.06366453269675966,0.01996277173360183,0.10089315682870452
