person,0.5699531550010046,0.22578266016642326,0.032177143335342134,0.12904578908284647
person,0.6394950762987132,0.10177748842592674,0.021791666269301402,0.09900057870370534
person,0.3679035744468376,0.08176343677662114,0.024244933724403533,0.12352868200231637
person,0.3889867315524157,0.043437499116968425,0.02330223914649802,0.08687499823393685
person,0.9379845072428389,0.37723610941569036,0.041176940917969536,0.14623147809063997
person,0.9807030226786929,0.22771759259259364,0.030885415474573345,0.12125000000000168
person,0.7293849643319849,0.08377638166922079,0.020163157830634996,0.12429836880719156
person,0.5088670653502144,0.8149444434554493,0.048005330244699704,0.1876851832071932
person,0.6359973340034484,0.5435416628519704,0.03581770674387587,0.1379907331113443
person,0.2907449034452438,0.9279524397673423,0.05333347551027924,0.14409158381709117
person,0.27218742879231816,0.7411898153799565,0.041750142415365496,0.14904629742657424
person,0.5350545236269629,0.6474074076899788,0.03997395610809254,0.18196296352810085
person,0.03604166706403097,0.17340252134535084,0.02833333412806193,0.11263837602403363
person,0.19122487485408707,0.5025417966489448,0.034740602572757476,0.13528729700158965
person,0.21782760839992113,0.5193289707325123,0.042604774634043,0.1482407322636357
person,0.2300023701190951,0.4821752004270197,0.018640156904855883,0.11120369946515052
person,0.24759485880533874,0.5092168218589113,0.027447916666667044,0.12291693364837773
person,0.6013295490940411,0.04663143807870459,0.011930338422457254,0.06813324652777603
person,0.9553438212672871,0.22496301820543102,0.030656107703845237,0.1158332268043796
person,0.547281189521154,0.3354493272569454,0.02450012318293299,0.12726801215277966
person,0.8016328430175781,0.1483701895254636,0.02819264729817708,0.12785221354166798
person,0.3799920450846351,0.4344028862847231,0.03376562499999919,0.16215719039352022
person,0.6613918253580733,0.3306992015132198,0.035205932617188296,0.1396756744384766
person,0.315887897809347,0.06754578851770458,0.023630206425983562,0.09675925643355691
person,0.485393860240777,0.33168012152777854,0.03230741449197036,0.14987962962962734
person,0.11930738321940132,0.1395555555555568,0.03141648356119845,0.12290740740740992
person,0.07529223624865249,0.7781779496934683,0.05229508447647163,0.1646440938313794
person,0.41573785436153454,0.8792343026620361,0.04563887604077722,0.16749999999999798
person,0.5007497619731084,0.06300863921957764,0.028738642249788348,0.11533192791005474
person,0.5297780370712281,0.06481423611111159,0.019962771733601888,0.10098263888888984
