person,0.570125019868215,0.2235002890692825,0.032145873069763076,0.128406828138565
person,0.6401409503221506,0.10049030671296384,0.021906249602634393,0.09831568287037211
person,0.3678384601672494,0.07978649450231556,0.024114745855331837,0.12309367766203852
person,0.38910617397891184,0.04277777707135258,0.023349880509906978,0.08555555414270516
person,0.9380574137369797,0.3785277766474974,0.041322753906251106,0.14538888662832805
person,0.9812758374214171,0.22855555555555673,0.03119791507720914,0.12074074074074277
person,0.7293621626496319,0.08376365463821946,0.020130575299262196,0.12432382258662411
person,0.5091145020325977,0.8196388877586085,0.04795841487248703,0.18861110885054924
person,0.6367760001818338,0.546759255303278,0.03519791507720917,0.13807406616210724
person,0.2900625406106313,0.9303318888346345,0.05333349593480419,0.13933218044704618
person,0.2716665852864588,0.7438333341810452,0.04189599609375098,0.14766666836208503
person,0.5356612129211422,0.6515740752043561,0.040052080790201214,0.18359259485315135
person,0.03604166706403097,0.17351822605839515,0.02833333412806193,0.11240682248715933
person,0.19122487485408707,0.5027594076085983,0.034740602572757476,0.13485214855052616
person,0.21783716379271625,0.5192397237707068,0.042604774634043,0.1482407322636357
person,0.23008831775188468,0.4821752004270197,0.01846830217043512,0.11120369946515052
person,0.24759724934895852,0.5091511570494841,0.027447916666667044,0.12284427011748636
person,0.6011727904876074,0.046812934027778585,0.011616821209589763,0.0682925347222206
person,0.9558021647532784,0.22651855581778094,0.030854003985723466,0.11629622621889414
person,0.5474322516123455,0.3333706597222233,0.02419799931844106,0.12759201388889105
person,0.8010885620117187,0.14602759693287093,0.027822875976562498,0.1272411024305566
person,0.3799425455729162,0.43071303530092675,0.033864583333332435,0.1613146701388906
person,0.660988647460938,0.32747236746328845,0.03529353841145924,0.1389811932599103
person,0.31745825091997837,0.06754571617974156,0.022437497933704323,0.09675925643355691
person,0.4854277753829952,0.33412934027777874,0.03266674868265677,0.15044444444444205
person,0.11943046061197946,0.1408562282986124,0.031576578776042266,0.12321346932870625
person,0.07665620919068677,0.7835538169013135,0.051996500412623534,0.16763309676558763
person,0.4152182619571691,0.8739463975694435,0.045313477039338024,0.16749999999999798
person,0.5005921504327228,0.0646751508763238,0.028722782078243133,0.11599361359127196
person,0.5296465063095093,0.0659639395254635,0.019962771733601888,0.10107212094907515
