person,0.5702968847354254,0.22121791797214174,0.032114602804183906,0.1277678671942835
person,0.640786824345588,0.09920312500000095,0.022020832935967623,0.09763078703703892
person,0.3677733458876614,0.07780955222800996,0.023984557986260018,0.12265867332176068
person,0.389225616405408,0.04211805502573675,0.023397521873315934,0.0842361100514735
person,0.9381303202311204,0.3798194438793044,0.041468566894532564,0.14454629516601625
person,0.9818486521641411,0.2293935185185198,0.03151041467984482,0.12023148148148385
person,0.7293393609672788,0.08375092760721814,0.02009799276788951,0.12434927636605667
person,0.509361938714981,0.8243333320617677,0.047911499500274485,0.18953703449390527
person,0.6375546663602194,0.5499768477545857,0.03457812341054271,0.13815739921287007
person,0.2893801777760187,0.9327113379019267,0.053333516359329224,0.1345727770770013
person,0.2711457417805995,0.746476852982134,0.042041849772136486,0.1462870392975957
person,0.5362679022153216,0.6557407427187333,0.04013020547230989,0.18522222617820203
person,0.03604166706403097,0.17363393077143952,0.02833333412806193,0.11217526895028505
person,0.19122487485408707,0.5029770185682518,0.034740602572757476,0.13441700009946275
person,0.2178467191855114,0.5191504768089011,0.042604774634043,0.14824073226363566
person,0.23017426538467428,0.4821752004270197,0.018296447436014388,0.11120369946515052
person,0.2475996398925783,0.5090854922400571,0.027447916666667044,0.12277160658659515
person,0.6010160318811735,0.04699442997685259,0.011303303996722155,0.06845182291666518
person,0.9562605082392696,0.22807409343013088,0.031051900267601695,0.1167592256334087
person,0.5475833137035371,0.3312919921875012,0.023895875453949125,0.12791601562500243
person,0.8005442810058594,0.1436850043402782,0.027453104654947918,0.1266299913194453
person,0.3798930460611974,0.4270231843171304,0.03396354166666568,0.16047214988426078
person,0.6605854695638026,0.3242455334133572,0.035381144205730186,0.13828671208134408
person,0.31902860403060984,0.06754564384177852,0.021244789441425205,0.09675925643355691
person,0.4854616905252134,0.3365785590277789,0.0330260828733433,0.1510092592592567
person,0.11955353800455762,0.14215690104166798,0.031736673990886095,0.12351953125000262
person,0.07802018213272106,0.7889296841091589,0.051697916348775456,0.17062209969979583
person,0.4146986695528035,0.8686584924768509,0.04498807803789872,0.16749999999999798
person,0.5004345388923371,0.06634166253306997,0.028706921906698036,0.11665529927248916
person,0.5295149755477906,0.06711364293981543,0.019962771733601947,0.10116160300926047
