person,0.6038952234586081,0.8470962083604606,0.04710612074534085,0.18491868986906954
person,0.7156475637753803,0.7388028089735251,0.058217328071593855,0.1613580774377901
person,0.8006649581591287,0.581748170923304,0.042399659156799295,0.16204625504105136
person,0.6132636617819471,0.4694241174768528,0.035566223303477904,0.12922583912037228
person,0.36934781853357984,0.5871303530092603,0.03676285711924301,0.1731467013888909
person,0.06687477620442754,0.8451975917109742,0.061230021158855064,0.16249370772750366
person,0.4080895183483765,0.4209440104166667,0.03027929711341925,0.1447048611111111
person,0.7914419352213546,0.4336099907203957,0.03949072265625091,0.151894460607458
person,0.9550068769454956,0.22923453776041747,0.03047273826599124,0.121957212094909
person,0.909025957902272,0.24227524594907496,0.031885330518085786,0.1325235821759277
person,0.9198542786836631,0.14596648053769698,0.029928934971492537,0.09356490551983841
person,0.8891766233444218,0.08543903605143258,0.028582413355508506,0.11904575150101328
person,0.8566477512915928,0.06948021556713045,0.02093669724464391,0.10563216145833496
person,0.729900440772375,0.10400486444543917,0.019509377638497583,0.12058322426124843
person,0.6377788696289066,0.14276526444046658,0.02365059407552164,0.125580586751303
person,0.6212237344582879,0.16025264033564815,0.025709594567617462,0.11930953414351851
person,0.497703176101049,0.25653573495370435,0.029951029936473066,0.1272989004629643
person,0.5796501465638477,0.1149656032986116,0.023658203283945294,0.09910583043981577
person,0.37940913899739614,0.23510843460648242,0.029890055338542373,0.1315609085648167
person,0.31263643383979833,0.3488687563295719,0.03337304671605506,0.12708285409432896
person,0.31191647968689606,0.25636252170138873,0.025680290102958855,0.0861061197916664
person,0.42411834716796915,0.11557745474356192,0.01842997233072996,0.12282591643156827
person,0.45189119466145905,0.1136887910630968,0.022175944010417996,0.1209228656910084
person,0.5310520832935967,0.18666977719907427,0.02660449210802659,0.1289197048611115
person,0.4860171712239589,0.111382631655093,0.018236490885417032,0.11027177372685268
person,0.21469014485677082,0.04823992693865741,0.021046956380208332,0.09647985387731482
person,0.1540753784179691,0.058837131076389694,0.03378674316406318,0.10654796006944607
person,0.0589498012761275,0.17038865760520652,0.025479355156421656,0.10998955479374639
person,0.14115652696291592,0.5514146785029661,0.0370884445508318,0.16561509195963584
person,0.1925952555338548,0.519417173032408,0.03245532226562622,0.1373138020833344
person,0.21585347493489657,0.5407462587709783,0.03579549153645987,0.14834147587528979
person,0.2297164916992195,0.5010464406896521,0.021608683268230688,0.11131452489782266
person,0.2512330732345581,0.5296197735821759,0.02904573631286628,0.1226806640625
person,0.6866543626387918,0.046613588686343944,0.0198295586109154,0.09322717737268789
person,0.6651700250506402,0.07472701291684779,0.014572634736697053,0.06521719134295484
person,0.8386264975865682,0.07138601091172961,0.01862791379292806,0.09968536094382958
person,0.9669481200377141,0.6402402705439828,0.046770995934803376,0.1670379774305582
person,0.7306146323680878,0.029836646892406327,0.02127768596013387,0.059673293784812655
person,0.48414044189453154,0.03715408113267687,0.01976078287760477,0.07430816226535374
