person,0.5704687496026357,0.21893554687500102,0.032083332538604736,0.12712890625000203
person,0.6414326983690254,0.09791594328703805,0.02213541626930085,0.09694589120370573
person,0.3677082316080733,0.07583260995370437,0.02385437011718826,0.12222366898148283
person,0.3893450588319041,0.04145833298012091,0.02344516323672489,0.08291666596024182
person,0.9382032267252611,0.38111111111111146,0.041614379882814016,0.1437037037037044
person,0.9824214669068653,0.23023148148148284,0.0318229142824805,0.11972222222222492
person,0.7293165592849258,0.08373820057621684,0.02006541023651683,0.12437473014548922
person,0.5096093753973643,0.829027776364927,0.04786458412806193,0.1904629601372613
person,0.6383333325386047,0.5531944402058933,0.033958331743876136,0.138240732263633
person,0.28869781494140623,0.9350907869692189,0.05333353678385416,0.12981337370695623
person,0.2706248982747401,0.7491203717832225,0.04218770345052197,0.1449074102331064
person,0.5368745915095009,0.6599074102331105,0.04020833015441857,0.18685185750325253
person,0.03604166706403097,0.17374963548448386,0.02833333412806193,0.11194371541341079
person,0.19122487485408707,0.5031946295279054,0.034740602572757476,0.13398185164839932
person,0.21785627457830653,0.5190612298470957,0.042604774634043,0.1482407322636357
person,0.23026021301746388,0.4821752004270197,0.018124592701593657,0.11120369946515052
person,0.2476020304361981,0.5090198274306299,0.027447916666667044,0.12269894305570378
person,0.6008592732747398,0.0471759259259266,0.010989786783854545,0.06861111111110976
person,0.9567188517252608,0.22962963104248083,0.031249796549479923,0.11722222504792323
person,0.5477343757947286,0.32921332465277914,0.023593751589457194,0.12824001736111382
person,0.8,0.14134241174768553,0.027083333333333334,0.12601888020833402
person,0.3798435465494786,0.423333333333334,0.034062499999998865,0.15962962962963098
person,0.6601822916666672,0.3210186993634259,0.03546875000000114,0.13759223090277778
person,0.3205989571412412,0.06754557150381549,0.020052080949146026,0.09675925643355691
person,0.48549560566743155,0.33902777777777915,0.03338541706402983,0.1515740740740714
person,0.1196766153971358,0.14345757378472357,0.031896769205729925,0.123825593171299
person,0.07938415507475535,0.7943055513170041,0.051399332284927365,0.17361110263400406
person,0.41417907714843805,0.8633705873842583,0.04466267903645947,0.16749999999999798
person,0.5002769273519514,0.06800817418981617,0.028691061735152817,0.1173169849537064
person,0.5293834447860718,0.06826334635416734,0.019962771733601888,0.1012510850694458
