person,0.5703749996423721,0.2169771773726862,0.031895832618077574,0.12687897858796499
person,0.6419925737977021,0.09640218098958435,0.02204687448342497,0.09710304542824276
person,0.367913991292318,0.07408731192129701,0.02381789143880268,0.12167722800926069
person,0.38946450125840026,0.04079861093450506,0.023492804600133848,0.08159722186901013
person,0.9386850687265402,0.3838379632455335,0.04141127514839293,0.14462037093551133
person,0.9828563628594078,0.23194444444444579,0.031286456187565766,0.12027777777778044
person,0.7292937576025729,0.08372547354521553,0.020032827705144148,0.12440018392492179
person,0.5101770633061726,0.833129628358064,0.04831250063578274,0.1899074048642757
person,0.638658873796463,0.5567870336461963,0.034786416212717816,0.13851851173683194
person,0.28888008626302086,0.937692692933258,0.05393774414062514,0.12460956121373817
person,0.270031138102214,0.7537129640932448,0.04171897379557397,0.14551852077907726
person,0.537278318961461,0.6635648176405179,0.04043228896458893,0.18694445009584512
person,0.03598437539736437,0.17374956314652082,0.02844791746139511,0.11194371541341079
person,0.19123945412238363,0.5030620629769794,0.03471144405205893,0.13398185164839937
person,0.21786582997110168,0.5189719828852901,0.042604774634043,0.14824073226363577
person,0.23033469625711459,0.4821474299112953,0.018204809180895124,0.11125924060962752
person,0.2476044209798179,0.5089541626212029,0.027447916666667044,0.12262627952481246
person,0.6009295857747398,0.04748148134019714,0.011130411783854537,0.06868518490261354
person,0.9574688415527347,0.23088429655852166,0.03085398356119858,0.11747222448278281
person,0.5476041674613953,0.327268789785881,0.02385416825612386,0.1283327907986138
person,0.7994322814941407,0.13968498625578749,0.026927103678385578,0.12555595341435272
person,0.3800805358886714,0.42037503616898214,0.03453647867838452,0.1589351128472235
person,0.6601666666666671,0.31818997757523165,0.03512500000000109,0.1371941189236114
person,0.32180468646685345,0.06754557150381549,0.02025520626703763,0.09675925643355691
person,0.48548510762055663,0.3407730394999197,0.03309375039736325,0.15108333305076052
person,0.1196766153971358,0.14400533464219972,0.031896769205729925,0.1233967369927322
person,0.0807479652563732,0.7986233690049923,0.05110074822107928,0.17238287805627767
person,0.41381063842773486,0.8590891565393511,0.04447247314453234,0.16762022569444293
person,0.5002769273519514,0.06887948495370506,0.028691061735152817,0.1173169849537064
person,0.5293826004664103,0.06952888093171371,0.020060163497924617,0.10157186776620518
