person,0.5702812496821086,0.2150188078703714,0.031708332697550405,0.12662905092592797
person,0.6425524492263788,0.09488841869213065,0.021958332697549092,0.09726019965277981
person,0.36811975097656274,0.07234201388888964,0.0237814127604171,0.12113078703703853
person,0.3895839436848964,0.04013888888888923,0.023540445963542805,0.08027777777777846
person,0.9391669107278192,0.3865648153799554,0.041208170413971956,0.14553703816731828
person,0.9832912588119506,0.23365740740740876,0.030749998092650915,0.12083333333333605
person,0.7292709559202197,0.08371274651421422,0.020000245173771466,0.12442563770435434
person,0.510744751214981,0.8372314803512011,0.04876041714350361,0.18935184959128992
person,0.6389844150543214,0.5603796270864994,0.03561450068155937,0.13879629121003073
person,0.28906235758463555,0.9402945988972972,0.05454195149739614,0.11940574872052014
person,0.269437377929688,0.7583055564032674,0.04125024414062599,0.14612963132504803
person,0.5376820464134212,0.6672222250479253,0.0406562477747593,0.18703704268843774
person,0.03592708373069778,0.17374949080855778,0.02856250079472829,0.11194371541341079
person,0.19125403339068026,0.5029294964260534,0.03468228553136041,0.13398185164839926
person,0.21787538536389678,0.5188827359234846,0.042604774634043,0.1482407322636357
person,0.23040917949676532,0.4821196593955708,0.01828502566019659,0.11131478175410453
person,0.2476068115234377,0.5088884978117757,0.027447916666667044,0.12255361599392119
person,0.6009998982747398,0.04778703675446768,0.011271036783854644,0.0687592586941173
person,0.9582188313802087,0.2321389620745625,0.030458170572916998,0.11772222391764245
person,0.547473959128062,0.3253242549189828,0.024114584922790526,0.12842556423611376
person,0.7988645629882813,0.13802756076388942,0.026770874023437703,0.12509302662037144
person,0.3803175252278643,0.4174167390046303,0.03501045735677018,0.15824059606481608
person,0.660151041666667,0.31536125578703733,0.03478125000000093,0.13679600694444502
person,0.3230104157924658,0.06754557150381549,0.02045833158492917,0.09675925643355691
person,0.4854746095736817,0.34251830122206023,0.03280208373069667,0.15059259202744957
person,0.1196766153971358,0.14455309549967585,0.031896769205729925,0.12296788081416539
person,0.08211177543799104,0.8029411866929805,0.05080216415723119,0.17115465347855138
person,0.41344219970703167,0.854807725694444,0.044282267252605166,0.16774045138888785
person,0.5002769273519514,0.06975079571759395,0.028691061735152817,0.11731698495370642
person,0.5293817561467486,0.07079441550926006,0.020157555262247464,0.1018926504629646
