person,0.570187499721845,0.21306043836805658,0.03152083277702336,0.1263791232638909
person,0.6431123246550553,0.09337465639467694,0.02186979091167321,0.09741735387731683
person,0.36832551066080743,0.07059671585648225,0.023744934082031578,0.12058434606481636
person,0.9396487527290984,0.38929166751437744,0.04100506567955087,0.14645370539912517
person,0.9837261547644931,0.23537037037037173,0.030213539997736304,0.12138888888889157
person,0.7292481542378668,0.08370001948321289,0.019967662642398666,0.1244510914837869
person,0.5113124391237893,0.8413333323443382,0.04920833365122442,0.18879629431830436
person,0.6393099563121796,0.5639722205268025,0.036442585150401045,0.13907407068322955
person,0.2892446289062502,0.9428965048613362,0.05514615885416711,0.11420193622730208
person,0.2688436177571619,0.7628981487132898,0.04078151448567799,0.146740741871019
person,0.5380857738653816,0.6708796324553327,0.040880206584929725,0.18712963528103024
person,0.035869792064031195,0.17374941847059475,0.028677084128061477,0.11194371541341079
person,0.19126861265897682,0.5027969298751275,0.03465312701066185,0.13398185164839932
person,0.21788494075669193,0.518793488961679,0.042604774634043,0.1482407322636357
person,0.23048366273641605,0.48209188887984633,0.01836524213949803,0.11137032289858148
person,0.24760920206705747,0.5088228330023487,0.027447916666667044,0.12248095246302987
person,0.6010702107747399,0.04809259216873822,0.011411661783854636,0.0688333324856211
person,0.9589688212076827,0.23339362759060334,0.030062357584635654,0.117972223352502
person,0.5473437507947286,0.3233797200520847,0.024375001589457195,0.12851833767361384
person,0.7982968444824221,0.1363701352719914,0.026614644368489947,0.12463009982639017
person,0.380554514567057,0.4144584418402783,0.03548443603515577,0.15754607928240852
person,0.6601354166666672,0.312532533998843,0.03443750000000077,0.13639789496527854
person,0.3242161451180781,0.06754557150381549,0.020661456902820834,0.09675925643355691
person,0.4854641115268068,0.3442635629442009,0.03251041706403003,0.15010185100413864
person,0.1196766153971358,0.14510085635715195,0.031896769205729925,0.1225390246355986
person,0.08347558561960891,0.807259004380969,0.050503580093383106,0.16992642890082507
person,0.41307376098632864,0.8505262948495368,0.04409206136067798,0.1678606770833327
person,0.5002769273519514,0.07062210648148282,0.028691061735152817,0.11731698495370639
person,0.5293809118270871,0.07205995008680643,0.020254947026570137,0.10221343315972396
