person,0.5700937497615813,0.21110206886574176,0.0313333328564962,0.12612919560185387
person,0.6436722000837319,0.09186089409722324,0.02178124912579733,0.09757450810185389
person,0.3685312703450522,0.06885141782407488,0.023708455403645995,0.12003790509259421
person,0.9401305947303774,0.3920185196487994,0.040801960945129896,0.1473703726309321
person,0.9841610507170359,0.23708333333333467,0.029677081902821454,0.12194444444444717
person,0.7292253525555137,0.08368729245221158,0.01993508011102598,0.12447654526321947
person,0.5118801270325977,0.8454351843374752,0.049656250158945286,0.18824073904531857
person,0.639635497570038,0.5675648139671056,0.03727066961924261,0.13935185015642837
person,0.2894269002278649,0.9454984108253753,0.05575036621093812,0.10899812373408403
person,0.2682498575846359,0.7674907410233123,0.04031278483073001,0.14735185241698975
person,0.5384895013173417,0.67453703986274,0.04110416539510009,0.18722222787362286
person,0.035812500397364604,0.17374934613263174,0.02879166746139466,0.11194371541341079
person,0.19128319192727342,0.5026643633242016,0.03462396848996333,0.13398185164839937
person,0.21789449614948705,0.5187042419998734,0.042604774634043,0.14824073226363566
person,0.23055814597606675,0.4820641183641219,0.0184454586187995,0.11142586404305849
person,0.24761159261067725,0.5087571681929215,0.027447916666667044,0.1224082889321386
person,0.6011405232747399,0.048398147583008755,0.011552286783854745,0.06890740627712486
person,0.9597188110351567,0.23464829310664417,0.02966654459635407,0.11822222278736164
person,0.5472135424613953,0.32143518518518654,0.02463541825612386,0.12861111111111384
person,0.7977291259765628,0.13471270978009334,0.026458414713542072,0.1241671730324089
person,0.3807915039062499,0.41150014467592644,0.03595841471354143,0.1568515625000011
person,0.660119791666667,0.3097038122106487,0.03409375000000061,0.13599978298611218
person,0.3254218744436905,0.06754557150381549,0.020864582220712375,0.09675925643355691
person,0.4854536134799319,0.3460088246663415,0.03221875039736345,0.14961110998082772
person,0.1196766153971358,0.14564861721462807,0.031896769205729925,0.12211016845703179
person,0.08483939580122675,0.8115768220689572,0.050204996029535015,0.1686982043230988
person,0.41270532226562545,0.8462448640046295,0.0439018554687508,0.16798090277777764
person,0.5002769273519514,0.07149341724537171,0.028691061735152817,0.1173169849537064
person,0.5293800675074256,0.07332548466435279,0.020352338790892984,0.10253421585648338
