person,0.5699999998013179,0.20914369936342694,0.031145832935969033,0.12587926793981685
person,0.6442320755124087,0.09034713179976954,0.02169270733992145,0.09773166232639091
person,0.36873703002929686,0.06710611979166752,0.023671976725260415,0.11949146412037207
person,0.9406124367316565,0.3947453717832214,0.04059885621070881,0.14828703986273906
person,0.9845959466695784,0.23879629629629764,0.029140623807906725,0.1225000000000027
person,0.7292025508731608,0.08367456542121027,0.0199024975796533,0.12450199904265202
person,0.512447814941406,0.8495370363306123,0.050104166666666096,0.187685183772333
person,0.6399610388278963,0.5711574074074086,0.03809875408808428,0.13962962962962727
person,0.2896091715494795,0.9481003167894145,0.05635457356770909,0.103794311240866
person,0.2676560974121098,0.7720833333333346,0.03984405517578201,0.1479629629629606
person,0.5388932287693019,0.6781944472701475,0.041328124205270454,0.18731482046621548
person,0.03575520873069801,0.1737492737946687,0.028906250794727837,0.11194371541341079
person,0.19129777119557,0.5025317967732755,0.034594809969264756,0.13398185164839926
person,0.2179040515422822,0.5186149950380678,0.042604774634043,0.1482407322636357
person,0.23063262921571748,0.48203634784839744,0.01852567509810097,0.11148140518753549
person,0.24761398315429706,0.5086915033834943,0.027447916666667044,0.12233562540124729
person,0.6012108357747399,0.048703702997279295,0.011692911783854735,0.06898148006862863
person,0.9604688008626306,0.23590295862268504,0.029270731608072725,0.11847222222222122
person,0.5470833341280619,0.3194906503182884,0.024895834922790527,0.1287038845486138
person,0.7971614074707034,0.1330552842881953,0.02630218505859432,0.12370424623842761
person,0.3810284932454427,0.4085418475115746,0.03643239339192708,0.15615704571759362
person,0.6601041666666669,0.30687509042245437,0.03375000000000057,0.13560167100694578
person,0.3266276037693027,0.06754557150381549,0.02106770753860398,0.09675925643355691
person,0.48544311543305696,0.347754086388482,0.03192708373069687,0.14912036895751685
person,0.1196766153971358,0.14619637807210423,0.031896769205729925,0.12168131227846499
person,0.0862032059828446,0.8158946397569455,0.04990641196568693,0.1674699797453724
person,0.41233688354492226,0.8419634331597224,0.04371164957682368,0.16810112847222256
person,0.5002769273519514,0.07236472800926061,0.028691061735152817,0.1173169849537064
person,0.5293792231877641,0.07459101924189916,0.020449730555215713,0.10285499855324276
