person,0.5699062498410543,0.20718532986111213,0.03095833301544187,0.1256293402777798
person,0.6447919509410853,0.08883336950231582,0.021604165554045568,0.09788881655092795
person,0.36894278971354155,0.06536082175926014,0.023635498046874835,0.1189450231481499
person,0.9410942787329355,0.3974722239176434,0.04039575147628772,0.149203707094546
person,0.9850308426221209,0.24050925925926064,0.028604165712991996,0.12305555555555822
person,0.7291797491908077,0.08366183839020896,0.019869915048280617,0.12452745282208458
person,0.5130155028502144,0.8536388883237493,0.050552083174386905,0.18712962849934744
person,0.6402865800857547,0.5747500008477117,0.038926838556925955,0.1399074091028262
person,0.28979144287109415,0.9507022227534536,0.05695878092448006,0.09859049874764794
person,0.26706233723958367,0.7766759256433569,0.039375325520834004,0.14857407350893148
person,0.5392969562212621,0.6818518546775549,0.04155208301544082,0.1874074130588081
person,0.035697917064031415,0.17374920145670567,0.02902083412806102,0.11194371541341079
person,0.1913123504638666,0.5023992302223496,0.034565651448566236,0.13398185164839932
person,0.21791360693507733,0.5185257480762624,0.042604774634043,0.14824073226363577
person,0.23070711245536824,0.48200857733267294,0.018605891577402438,0.1115369463320125
person,0.24761637369791686,0.5086258385740673,0.027447916666667044,0.12226296187035597
person,0.6012811482747399,0.049009258411549836,0.011833536783854726,0.06905555386013239
person,0.9612187906901046,0.23715762413872588,0.02887491861979138,0.1187222216570808
person,0.5469531257947285,0.3175461154513902,0.025156251589457192,0.12879665798611378
person,0.7965936889648441,0.13139785879629723,0.026145955403646563,0.12324131944444633
person,0.3812654825846355,0.4055835503472227,0.03690637207031274,0.15546252893518614
person,0.6600885416666669,0.3040463686342601,0.033406250000000526,0.13520355902777942
person,0.327833333094915,0.06754557150381549,0.02127083285649558,0.09675925643355691
person,0.485432617386182,0.34949934811062255,0.031635417064030294,0.14862962793420598
person,0.1196766153971358,0.14674413892958035,0.031896769205729925,0.1212524560998982
person,0.08811244662602785,0.8175583405671306,0.050995889345803874,0.1646240596064834
person,0.41196844482421907,0.8376820023148153,0.04352144368489655,0.1682213541666675
person,0.5002769273519514,0.0732360387731495,0.028691061735152817,0.1173169849537064
person,0.5293783788681026,0.07585655381944552,0.020547122319538442,0.10317578125000215
