person,0.5698124998807906,0.2052269603587973,0.030770833094914705,0.12537941261574279
person,0.645351826369762,0.08731960720486212,0.02151562376816969,0.098045970775465
person,0.3691485493977863,0.06361552372685277,0.023599019368489255,0.11839858217592776
person,0.9415761207342146,0.40019907605206534,0.04019264674186675,0.15012037432635295
person,0.9854657385746637,0.24222222222222356,0.028067707618077146,0.12361111111111382
person,0.7291569475084547,0.08364911135920766,0.019837332516907936,0.12455290660151715
person,0.5135831907590227,0.8577407403168865,0.05099999968210778,0.18657407322636174
person,0.640612121343613,0.5783425942880146,0.03975492302576752,0.140185188576025
person,0.2899737141927089,0.9533041287174927,0.05756298828125107,0.09338668625442989
person,0.2664685770670576,0.7812685179533794,0.03890659586588603,0.14918518405490222
person,0.5397006836732222,0.6855092620849623,0.04177604182561119,0.1875000056514007
person,0.035640625397364824,0.17374912911874263,0.0291354174613942,0.11194371541341079
person,0.1913269297321632,0.5022666636714237,0.03453649292786768,0.13398185164839932
person,0.21792316232787246,0.5184365011144567,0.042604774634043,0.1482407322636357
person,0.23078159569501894,0.4819808068169485,0.018686108056703878,0.11159248747648945
person,0.24761876424153664,0.5085601737646401,0.027447916666667044,0.1221902983394647
person,0.6013514607747399,0.049314813825820376,0.011974161783854834,0.06912962765163616
person,0.9619687805175786,0.2384122896547667,0.0284791056315098,0.11897222109194043
person,0.5468229174613952,0.3156015805844921,0.02541666825612386,0.12888943142361378
person,0.7960259704589847,0.1297404333043992,0.025989725748698688,0.12277839265046506
person,0.38150247192382836,0.40262525318287085,0.037380350748698395,0.15476801215277872
person,0.6600729166666668,0.3012176468460658,0.03306250000000036,0.13480544704861303
person,0.3290390624205274,0.06754557150381549,0.021473958174387124,0.09675925643355691
person,0.4854221193393071,0.3512446098327631,0.031343750397363715,0.14813888691089502
person,0.1196766153971358,0.14729189978705648,0.031896769205729925,0.12082359992133139
person,0.09002168726921107,0.8192220413773157,0.0520853667259208,0.16177813946759442
person,0.4116000061035159,0.8334005714699081,0.043331237792969365,0.16834157986111245
person,0.5002769273519514,0.0741073495370384,0.028691061735152817,0.11731698495370642
person,0.529377534548441,0.07712208839699189,0.020644514083861292,0.10349656394676156
