person,0.56953125,0.19935185185185286,0.030208333333333334,0.12462962962963166
person,0.6470314526557919,0.08277832031250101,0.021249998410542047,0.0985174334490761
person,0.3697658284505205,0.05837962962963064,0.023489583333332575,0.11675925925926128
person,0.9430216467380518,0.4083796324553313,0.0395833325386036,0.15287037602177372
person,0.9867704264322915,0.24736111111111247,0.026458333333332956,0.12527777777778049
person,0.7290885424613957,0.08361093026620371,0.01973958492278977,0.12462926793981483
person,0.5152862544854476,0.8700462962962977,0.05234374920527027,0.18490740740740472
person,0.6415887451171879,0.589120374608924,0.04223917643229243,0.14101852699562153
person,0.29052052815755286,0.9611098466096102,0.059375610351564016,0.07777524877477575
person,0.26468729654947937,0.7950462948834465,0.03750040690104205,0.15101851569281483
person,0.5409118660291028,0.6964814843071845,0.04244791825612235,0.18777778342917845
person,0.03546875039736506,0.17374891210485355,0.029479167461393747,0.11194371541341079
person,0.19137066753705292,0.5018689640186458,0.03444901736577209,0.13398185164839932
person,0.21795182850625786,0.5181687602290401,0.042604774634043,0.1482407322636357
person,0.2310050454139711,0.4818974952697751,0.018926757494608253,0.11175911090992047
person,0.247625935872396,0.5083631793363588,0.027447916666667044,0.1219723077467908
person,0.60156239827474,0.05023148006863199,0.012396036783854925,0.06935184902614748
person,0.9642187500000006,0.24217628620288922,0.02729166666666553,0.1197222193965192
person,0.5464322924613952,0.3097679759837977,0.02619791825612386,0.1291677517361138
person,0.7943228149414068,0.12476815682870505,0.025521036783855304,0.12138961226852121
person,0.38221343994140683,0.39375036168981514,0.038802286783855305,0.15268446180555623
person,0.6600260416666667,0.2927314814814828,0.03203125,0.13361111111111382
person,0.3326562503973643,0.06754557150381549,0.02208333412806193,0.09675925643355691
person,0.4853906251986823,0.3564803949991849,0.03046875039736392,0.1466666638409623
person,0.1196766153971358,0.14893518235948486,0.031896769205729925,0.11953703138563099
person,0.0957494091987608,0.824213143807871,0.05535379886627159,0.15324037905092727
person,0.4104946899414064,0.8205562789351866,0.04276062011718788,0.16870225694444715
person,0.5002769273519514,0.07672128182870505,0.028691061735152817,0.1173169849537064
person,0.5293750015894564,0.08091869212963099,0.020936689376829538,0.10445891203703973
