person,0.5699065755208336,0.19660199652777885,0.030041015625000375,0.1257589699074096
person,0.6489536531766251,0.08033004195601953,0.021249998410542047,0.0985174334490761
person,0.36950764973958294,0.056543511284723236,0.023489583333332575,0.11308702256944647
person,0.9436240637302392,0.4133527945059319,0.0395833325386036,0.15414627188223406
person,0.9871721801757811,0.24951334635416803,0.02565498860677048,0.1241214554398175
person,0.7290883797009788,0.08322214988425947,0.01973958492278977,0.12448104745370411
person,0.5151871740818018,0.8786433738425937,0.05234374920527027,0.1827132523148126
person,0.6425823567708338,0.5962150641547318,0.04125195312500066,0.1414587741427938
person,0.28847239176432327,0.9659555256219561,0.056805216471354926,0.06808389075008395
person,0.2637947591145835,0.8050448845757388,0.03750040690104202,0.15479911521628914
person,0.5419032804171237,0.7020786697952847,0.04244791825612235,0.18469452130352798
person,0.03554160594940261,0.17374891210485355,0.029625122706094464,0.11194371541341079
person,0.1913998260736461,0.5016038309167938,0.034390700324375016,0.13398185164839932
person,0.21797093929184813,0.517990266305429,0.042604774634043,0.1482407322636357
person,0.23115401189327253,0.4818419542383263,0.019087190453211188,0.11187019319887442
person,0.24763071695963562,0.5082318497175047,0.027447916666667044,0.1218269806850082
person,0.6012030435999238,0.050231263054742556,0.01311474605401403,0.06935184902614748
person,0.9647065836588545,0.24348014238145577,0.02729166666666553,0.11844118754068876
person,0.5464755662282308,0.3053817635995384,0.025423870086669947,0.1291677517361138
person,0.7929745483398443,0.12211588541666801,0.025521036783855304,0.12138961226852121
person,0.38199648030599004,0.39028660300925977,0.03710575358073018,0.15401938657407502
person,0.6595957438151041,0.288322699652779,0.03203125,0.13468793402778023
person,0.3360709638595582,0.06795355761492661,0.023691406885783018,0.09675925643355691
person,0.4861656903028489,0.36081720083731106,0.03046875039736392,0.14636385769314075
person,0.11953436279296908,0.15230294912832876,0.03224377441406316,0.12076446307146804
person,0.09991164096196503,0.8383285963270404,0.05684460353851251,0.16176786973741406
person,0.40985015869140645,0.8125848162615754,0.04276062011718788,0.1703859230324101
person,0.5003585516611733,0.07823169849537172,0.02910170618692973,0.11710720486111381
person,0.5292555761337272,0.08278862847222357,0.020936689376829538,0.10445891203703973
