person,0.5702819010416671,0.19385214120370486,0.029873697916667295,0.1268883101851875
person,0.6508758536974585,0.07788176359953804,0.021249998410542047,0.09851743344907608
person,0.36924947102864547,0.05470739293981583,0.023489583333332575,0.10941478587963166
person,0.9442264807224268,0.41832595655653243,0.0395833325386036,0.15542216774269446
person,0.9875739339192707,0.2516655815972236,0.024851643880208128,0.12296513310185452
person,0.729088216940562,0.08283336950231522,0.01973958492278977,0.12433282696759342
person,0.5150880936781559,0.8872404513888897,0.052343749205270206,0.1805190972222207
person,0.6435759684244794,0.6033097537005399,0.04026472981770889,0.14189902128996607
person,0.2629022216796877,0.8150434742680311,0.03750040690104205,0.15857971473976357
person,0.5428946948051444,0.7076758552833848,0.042447918256122284,0.18161125917787752
person,0.035614461501440174,0.17374891210485355,0.02977107795079519,0.11194371541341079
person,0.1914289846102393,0.5013386978149419,0.03433238328297792,0.13398185164839937
person,0.2179900500774384,0.5178117723818179,0.042604774634043,0.14824073226363566
person,0.231302978372574,0.4817864132068774,0.019247623411814095,0.11198127548782853
person,0.24763549804687518,0.5081005200986504,0.027447916666667044,0.12168165362322562
person,0.6008436889251078,0.05023104604085314,0.013833455324173252,0.06935184902614748
person,0.9651944173177084,0.2447839985600223,0.02729166666666553,0.11716015568485832
person,0.5465188399950663,0.30099555121527916,0.02464982191721603,0.12916775173611383
person,0.7916262817382818,0.11946361400463099,0.025521036783855304,0.12138961226852121
person,0.3817795206705733,0.38682284432870434,0.03540922037760499,0.1553543113425938
person,0.6591654459635417,0.28391391782407516,0.03203125,0.1357647569444466
person,0.33948567732175206,0.06836154372603771,0.025299479643504163,0.09675925643355691
person,0.48694075540701554,0.3651540066754374,0.03046875039736392,0.14606105154531918
person,0.11939211018880237,0.15567071589717266,0.03259077962239645,0.12199189475730508
person,0.10407387272516928,0.8524440488462096,0.0583354082107534,0.17029536042390073
person,0.4092056274414064,0.8046133535879644,0.04276062011718788,0.17206958912037307
person,0.5004401759703949,0.07974211516203837,0.029512350638706646,0.1168974247685212
person,0.529136150677998,0.08465856481481616,0.02093668937682948,0.10445891203703973
