person,0.5704695638020837,0.19247721354166786,0.02979003906250076,0.12745298032407643
person,0.6518369539578752,0.07665762442129731,0.021249998410542047,0.0985174334490761
person,0.3691203816731767,0.05378933376736213,0.023489583333332575,0.10757866753472425
person,0.9445276892185205,0.4208125375818327,0.0395833325386036,0.15606011567292458
person,0.9877748107910155,0.25274169921875134,0.024449971516926895,0.12238697193287307
person,0.7290881355603536,0.0826389793113431,0.01973958492278977,0.12425871672453805
person,0.5150385534763331,0.8915389901620377,0.05234374920527027,0.17942201967592458
person,0.6440727742513024,0.6068570984734438,0.03977111816406307,0.14211914486355218
person,0.2624559529622398,0.8200427691141773,0.03750040690104205,0.16047001450150067
person,0.5433904019991549,0.7104744480274349,0.04244791825612235,0.1800696281150522
person,0.03565088927745895,0.17374891210485355,0.02984405557314555,0.11194371541341079
person,0.19144356387853587,0.5012061312640159,0.034303224762279365,0.13398185164839932
person,0.2179996054702335,0.5177225254200123,0.042604774634043,0.1482407322636357
person,0.2313774616122247,0.48175864269115304,0.019327839891115566,0.11203681663230548
person,0.247637888590495,0.5080348552892233,0.027447916666667044,0.12160899009233425
person,0.6006640115876996,0.05023093753390842,0.014192809959252865,0.06935184902614748
person,0.9654383341471354,0.24543592664930555,0.02729166666666553,0.1165196397569431
person,0.5465404768784841,0.2988024450231495,0.024262797832489014,0.1291677517361138
person,0.7909521484375006,0.11813747829861246,0.025521036783855304,0.12138961226852121
person,0.38167104085286496,0.3850909649884266,0.03456095377604242,0.15602177372685322
person,0.6589502970377604,0.28170952690972323,0.03203125,0.1363031684027798
person,0.341193034052849,0.06856553678159327,0.026103516022364676,0.09675925643355691
person,0.4873282879590988,0.3673224095945005,0.03046875039736392,0.14590964847140842
person,0.11932098388671904,0.15735459928159462,0.032764282226563066,0.12260561060022358
person,0.1061549886067714,0.8595017751057943,0.05908081054687386,0.1745591057671441
person,0.40888336181640644,0.8006276222511588,0.04276062011718788,0.17291142216435457
person,0.5004809881250059,0.08049732349537173,0.0297176728645951,0.11679253472222492
person,0.5290764379501335,0.08559353298611246,0.020936689376829538,0.10445891203703973
