person,0.5706572265625004,0.19110228587963085,0.02970638020833422,0.12801765046296537
person,0.6527980542182918,0.07543348524305658,0.021249998410542047,0.09851743344907611
person,0.36899129231770794,0.05287127459490842,0.023489583333332575,0.10574254918981683
person,0.9448288977146143,0.4232991186071329,0.0395833325386036,0.1566980636031547
person,0.9879756876627602,0.2538178168402791,0.024048299153645657,0.12180881076389162
person,0.7290880541801452,0.08244458912037098,0.01973958492278977,0.12418460648148269
person,0.5149890132745102,0.8958375289351858,0.052343749205270323,0.17832494212962846
person,0.6445695800781253,0.6104044432463478,0.03927750651041725,0.14233926843713832
person,0.2620096842447918,0.8250420639603234,0.03750040690104205,0.1623603142632378
person,0.5438861091931654,0.7132730407714849,0.0424479182561224,0.17852799705222686
person,0.035687317053477725,0.17374891210485355,0.029917033195495907,0.11194371541341079
person,0.19145814314683246,0.50107356471309,0.034274066241580844,0.13398185164839932
person,0.21800916086302866,0.5176332784582068,0.042604774634043,0.14824073226363577
person,0.23145194485187542,0.4817308721754286,0.019408056370417034,0.11209235777678249
person,0.24764027913411477,0.5079691904797962,0.027447916666667044,0.12153632656144293
person,0.6004843342502914,0.05023082902696371,0.014552164594332477,0.06935184902614748
person,0.9656822509765624,0.24608785473858882,0.02729166666666553,0.11587912382902787
person,0.5465621137619018,0.29660933883101986,0.023875773747761998,0.12916775173611378
person,0.7902780151367194,0.11681134259259394,0.025521036783855304,0.12138961226852121
person,0.3815625610351566,0.38335908564814886,0.03371268717447986,0.1566892361111126
person,0.6587351481119792,0.27950513599537136,0.03203125,0.136841579861113
person,0.34290039078394596,0.06876952983714883,0.02690755240122519,0.09675925643355691
person,0.4877158205111821,0.36949081251356364,0.03046875039736392,0.14575824539749768
person,0.11924985758463569,0.15903848266601658,0.03293778483072969,0.12321932644314207
person,0.10709618127346061,0.8614831113462098,0.05804091397921107,0.1717357539424194
person,0.40856109619140646,0.7966418909143532,0.04276062011718788,0.17375325520833604
person,0.5005218002796168,0.08125253182870507,0.02992299509048356,0.11668764467592864
person,0.529016725222269,0.08652850115740876,0.020936689376829597,0.10445891203703973
