person,0.5710325520833339,0.18835243055555687,0.029539062500001143,0.1291469907407433
person,0.6547202547391252,0.07298520688657509,0.021249998410542047,0.0985174334490761
person,0.3687331136067704,0.05103515625000101,0.023489583333332575,0.10207031250000202
person,0.9454313147068019,0.4282722806577335,0.0395833325386036,0.1579739594636151
person,0.98837744140625,0.2559700520833347,0.023244954427083304,0.12065248842592864
person,0.7290878914197284,0.08205580873842673,0.01973958492278977,0.12403638599537199
person,0.5148899328708643,0.9044346064814818,0.05234374920527027,0.17613078703703658
person,0.645563191731771,0.6174991327921557,0.038290283203125476,0.14277951558431057
person,0.26111714680989606,0.8350406536526159,0.037500406901042074,0.16614091378671222
person,0.5448775235811862,0.7188702262595851,0.04244791825612235,0.1754447349265764
person,0.035760172605515284,0.17374891210485355,0.03006298844019663,0.11194371541341079
person,0.19148730168342562,0.500808431611238,0.034215749200183776,0.13398185164839932
person,0.21802827164861893,0.5174547845345957,0.042604774634043,0.1482407322636357
person,0.23160091133117688,0.48167533114397965,0.01956848932901994,0.1122034400657365
person,0.24764506022135435,0.507837860860942,0.027447916666667044,0.12139099949966034
person,0.6001249795754753,0.050230612013074286,0.0152708738644917,0.06935184902614748
person,0.9661700846354163,0.24739171091715537,0.02729166666666553,0.11459809197319744
person,0.5466053875287374,0.29222312644676063,0.023101725578308082,0.1291677517361138
person,0.7889297485351568,0.11415907118055692,0.025521036783855304,0.12138961226852121
person,0.38134560139973983,0.3798953269675935,0.032016153971354676,0.1580241608796314
person,0.6583048502604166,0.27509635416666745,0.03203125,0.1379184027777794
person,0.34631510424613976,0.06917751594825994,0.028515625158946338,0.09675925643355691
person,0.4884908856153487,0.37382761835169,0.03046875039736392,0.14545543924967608
person,0.11910760498046898,0.16240624943486048,0.03328479003906297,0.12444675812897912
person,0.10897856660683904,0.8654457838270405,0.055961120843885506,0.16608905029296991
person,0.40791656494140643,0.7886704282407422,0.04276062011718788,0.175436921296299
person,0.5006034245888386,0.08276294849537173,0.03033363954226047,0.11647786458333603
person,0.5288972997665398,0.08839843750000136,0.020936689376829538,0.10445891203703973
