person,0.5712202148437507,0.18697750289351983,0.02945540364583472,0.1297116608796323
person,0.6556813549995418,0.07176106770833433,0.021249998410542047,0.09851743344907608
person,0.36860402425130173,0.05011709707754731,0.023489583333332575,0.10023419415509462
person,0.9457325232028956,0.4307588616830338,0.0395833325386036,0.15861190739384531
person,0.9885783182779948,0.2570461697048625,0.022843282063802067,0.12007432725694711
person,0.72908781003952,0.08186141854745461,0.01973958492278977,0.12396227575231665
person,0.5148403926690414,0.9087331452546298,0.052343749205270206,0.17503370949074057
person,0.6460599975585939,0.6210464775650597,0.037796671549479535,0.1429996391578967
person,0.2606708780924481,0.840039948498762,0.03750040690104205,0.16803121354844944
person,0.5453732307751965,0.7216688190036351,0.042447918256122284,0.17390310386375127
person,0.035796600381534066,0.17374891210485355,0.03013596606254699,0.11194371541341079
person,0.19150188095172221,0.500675865060312,0.03418659067948523,0.13398185164839932
person,0.21803782704141403,0.51736553757279,0.042604774634043,0.14824073226363566
person,0.2316753945708276,0.4816475606282552,0.01964870580832138,0.11225898121021345
person,0.24764745076497413,0.5077721960515148,0.027447916666667044,0.12131833596876908
person,0.5999453022380673,0.05023050350612957,0.015630228499571193,0.06935184902614748
person,0.9664140014648432,0.24804363900643864,0.02729166666666553,0.11395757604528223
person,0.5466270244121552,0.290030020254631,0.022714701493581183,0.12916775173611383
person,0.7882556152343755,0.11283293547453839,0.025521036783855304,0.12138961226852121
person,0.38123712158203144,0.3781634476273158,0.03116788736979211,0.15869162326389077
person,0.6580897013346354,0.2728919632523156,0.03203125,0.13845681423611259
person,0.34802246097723677,0.06938150900381548,0.02931966153780691,0.09675925643355691
person,0.488878418167432,0.37599602127075304,0.03046875039736392,0.1453040361757653
person,0.11903647867838561,0.16409013281928242,0.033458292643229595,0.12506047397189768
person,0.10991975927352825,0.8674271200674559,0.05492122427622273,0.16326569846824524
person,0.4075942993164064,0.7846846969039366,0.04276062011718788,0.17627875434028048
person,0.5006442367434495,0.08351815682870505,0.030538961768148926,0.11637297453703972
person,0.5288375870386751,0.08933340567129765,0.02093668937682948,0.10445891203703973
