person,0.6025053110122681,0.8348036725079574,0.04749084663391076,0.18380005334924815
person,0.7120907176335649,0.7381197600188085,0.05635021781921298,0.1635397225839114
person,0.8022530730565389,0.5926506248756697,0.04284883817036942,0.16704010970504085
person,0.613071309566498,0.46688389756944565,0.03575280793507917,0.13312109375000244
person,0.36928788153330494,0.581728515625001,0.03723705863952661,0.17654296875000203
person,0.06788163248697932,0.8461769759566699,0.059091715494791974,0.16268308964482087
person,0.40839135766029416,0.4148748553240738,0.03019645229975403,0.1439916087962957
person,0.7934857788085943,0.43941320489954067,0.03913179524739689,0.15149568063241461
person,0.9559232281843821,0.23264605034722285,0.031200704415639418,0.12222714120370493
person,0.9100378501812613,0.2461741174768526,0.032221289555230945,0.13328139467592742
person,0.9201485191186274,0.14961912042123274,0.030436279773712962,0.09564810774061361
person,0.8894736133416498,0.08832212462248679,0.02846806001663135,0.11964121105052915
person,0.8570299318631487,0.07029289641203798,0.020754606564839052,0.10526605902777968
person,0.7298641653855644,0.10362876100893387,0.01956198962529392,0.12122468058268202
person,0.6370580851236985,0.14011928756148775,0.023571329752605407,0.126057730215567
person,0.6209538369178773,0.15455928096064817,0.025552286465962956,0.11773328993055557
person,0.49786286425590565,0.2576417824074081,0.03015728775660289,0.12582754629629767
person,0.5803236492474868,0.11838841869213024,0.023290527661640324,0.10055649594907529
person,0.3788310953776043,0.22843120659722277,0.029546142578125274,0.12854499421296403
person,0.31351383447647113,0.3528330722384986,0.033909993171692264,0.12725468614366373
person,0.31187685473759985,0.2593595196759257,0.025780076662699672,0.08727662037036985
person,0.4242672729492192,0.11402708830656831,0.01771545410156327,0.12342599374276624
person,0.451590413411459,0.11325912616871021,0.0218608398437512,0.12128026043927229
person,0.5313882242043807,0.1890184461805556,0.026620035648344736,0.12888903356481493
person,0.4867279459635421,0.107067021122686,0.018439941406249657,0.10749558738426088
person,0.21594543457031248,0.04578540943287037,0.021046956380208332,0.09157081886574074
person,0.157087626139323,0.05696842447916761,0.033137247721354395,0.10598907696759448
person,0.05886403014262517,0.1699947773968732,0.025378206769625336,0.10998955479374638
person,0.14021203430493642,0.560224647804543,0.037293371995289495,0.16792108380353024
person,0.19241442871093814,0.5189397786458336,0.032650309244792966,0.13775007233796377
person,0.2155552164713549,0.540407422666197,0.03639444986979319,0.14808842750831971
person,0.2296566772460945,0.5007501079418041,0.021728312174480693,0.11142570778175644
person,0.2508597516218822,0.5293011248553241,0.02834670050938938,0.12268066406249996
person,0.686247257113457,0.04656051070601987,0.019807014226912875,0.09312102141203973
person,0.6647427508632344,0.07427388381958061,0.014096504330635421,0.0658343706484205
person,0.8388266694545746,0.07226258454499421,0.01925734281539917,0.09949044686776622
person,0.9626838784217829,0.634775969328705,0.04736767546335763,0.168448061342595
person,0.7298018475373586,0.02953897617481373,0.02127768596013387,0.05907795234962746
person,0.4845831705729171,0.03715408113267687,0.019729492187500832,0.07430816226535374
