person,0.5713648478190111,0.1837135959201401,0.02937174479166818,0.13001725260416908
person,0.6570732109347976,0.06940162037037143,0.021679584304490972,0.0986437355324095
person,0.3683628336588541,0.04869325991030186,0.02326538085937481,0.09738651982060371
person,0.9461886592706039,0.4347462565104174,0.0395833325386036,0.15900748697916814
person,0.729173788229624,0.08136103877314917,0.01973958492278977,0.12388816550926128
person,0.5156583654880519,0.9156535734953704,0.052343749205270323,0.16869285300925932
person,0.6471384277343752,0.6278784722222229,0.03792106119791718,0.14300231481481607
person,0.2596912434895835,0.8493129882812507,0.03777217610677116,0.17009624565972337
person,0.546093252261479,0.7292907986111111,0.04254946025212488,0.17389988425925945
person,0.035869486490886116,0.17347466108534043,0.030281860351563904,0.11186287830494017
person,0.19153103948831537,0.5004107319584601,0.034128273638088125,0.13398185164839926
person,0.21805693782700433,0.517187043649179,0.042604774634043,0.14824073226363577
person,0.23182436105012905,0.48159201959680625,0.019809138766924316,0.11237006349916746
person,0.24765223185221374,0.5076408664326606,0.027447916666667044,0.12117300890698644
person,0.5995911762615047,0.05019323122942768,0.01564056378602956,0.06942581431070721
person,0.9672075195709858,0.2497515746222608,0.027982747475305204,0.11383792933711179
person,0.5466407267252603,0.2851064272280106,0.022429606119791737,0.12855197482639158
person,0.7870587158203132,0.10960586660879759,0.02562316894531366,0.1215659722222248
person,0.38122227988640484,0.37319205729166766,0.030419413288434664,0.15894921875000195
person,0.6580175170898438,0.2682647931134266,0.03180061848958336,0.13899522569444578
person,0.35164193729559623,0.06946836895412853,0.029746114174525513,0.09641901510733111
person,0.4893872885902722,0.38093023003472354,0.0307114261388777,0.14578768807870635
person,0.11893423461914088,0.1668147424768525,0.033808614095052585,0.12605570023148277
person,0.11150486270586572,0.8772878327546305,0.05284143114089752,0.1648317418981498
person,0.4069002278645835,0.776248209635418,0.04276062011718788,0.17650358072916927
person,0.5005605473717046,0.08555741825810317,0.03084969174861764,0.11662590422453967
person,0.5286941544214876,0.09107584635416802,0.02093668937682948,0.10445891203703973
