person,0.571321818033855,0.1818246166087974,0.02937174479166818,0.12975817418981697
person,0.6575039666096366,0.06826631221064923,0.022109170198440015,0.09877003761574289
person,0.36825073242187517,0.0481874819155101,0.023041178385417044,0.0963749638310202
person,0.9463435868422184,0.4362470703125008,0.0395833325386036,0.15876511863426085
person,0.7292598477999365,0.08105504918981583,0.01973958492278977,0.12388816550926128
person,0.5165258785088851,0.9182754629629629,0.05234374920527027,0.16344907407407405
person,0.6477200520833336,0.6311631221064821,0.03853906250000065,0.14278486689814943
person,0.2591578776041668,0.8535867332175932,0.038043945312500264,0.1702709780092604
person,0.5463175665537512,0.7341141854745371,0.042651002248127234,0.1754382957175929
person,0.035905944824219396,0.17320041006582734,0.030354777018230455,0.1117820411964695
person,0.19154561875661197,0.5002781654075341,0.034099115117389604,0.13398185164839932
person,0.21806649321979946,0.5170977966873734,0.042604774634043,0.1482407322636357
person,0.23189884428977975,0.4815642490810818,0.019889355246225784,0.11242560464364447
person,0.24765462239583352,0.5075752016232334,0.027447916666667044,0.12110034537609517
person,0.5994167276223502,0.050156067459670516,0.015291544437408315,0.06949977959526694
person,0.9677571208477014,0.2508075821487997,0.02867382828394476,0.11435879855685659
person,0.5466327921549479,0.2823759403935199,0.02253153483072919,0.12793619791666935
person,0.7865359497070318,0.10770493344907528,0.0257253011067719,0.12174233217592835
person,0.3813159180084866,0.36995254629629726,0.03051920580863984,0.15853935185185372
person,0.6581604817708334,0.26584201388888956,0.03156998697916672,0.1389952256944458
person,0.3535540568828587,0.069351235848886,0.02936853043238366,0.09607877378110533
person,0.48950862646102905,0.3836960358796309,0.030954101880391428,0.1464227430555581
person,0.11890311686197946,0.16785546875000062,0.033985432942708935,0.12643721064814936
person,0.11214877347151402,0.8851672092013895,0.05180153457323513,0.16922113715277898
person,0.4065284220377606,0.771797453703705,0.04276062011718788,0.17588657407407648
person,0.500436045845349,0.08684147135416795,0.030955099503197896,0.11698372395833591
person,0.5286104345321648,0.0918833188657421,0.020936689376829538,0.10445891203703973
