person,0.5712787882486986,0.17993563729745465,0.02937174479166818,0.12949909577546484
person,0.6579347222844757,0.06713100405092703,0.022538756092388822,0.09889633969907631
person,0.3681386311848963,0.047681703920718355,0.02281697591145928,0.09536340784143671
person,0.946498514413833,0.43774788411458426,0.0395833325386036,0.15852275028935364
person,0.7293459073702491,0.08074905960648249,0.01973958492278977,0.12388816550926128
person,0.5173933915297185,0.9208973524305556,0.05234374920527027,0.15820529513888892
person,0.648301676432292,0.6344477719907414,0.039157063802084,0.14256741898148256
person,0.2586245117187501,0.8578604781539357,0.03831571451822947,0.17044571035879721
person,0.5465418808460232,0.7389375723379633,0.04275254424412977,0.1769767071759263
person,0.03594240315755267,0.17292615904631425,0.03042769368489701,0.11170120408799887
person,0.19156019802490853,0.5001455988566083,0.034069956596691056,0.13398185164839937
person,0.21807604861259458,0.5170085497255679,0.042604774634043,0.1482407322636357
person,0.23197332752943048,0.48153647856535736,0.019969571725527224,0.11248114578812142
person,0.2476570129394533,0.5075095368138064,0.027447916666667044,0.12102768184520385
person,0.5992422789831958,0.050118903689913334,0.014942525088786832,0.06957374487982668
person,0.9683067221244173,0.2518635896753387,0.029364909092584313,0.11487966777660133
person,0.5466248575846355,0.27964545355902914,0.02263346354166664,0.12732042100694718
person,0.7860131835937506,0.10580400028935301,0.025827433268230376,0.12191869212963193
person,0.3814095561305683,0.36671303530092686,0.03061899832884496,0.15812948495370555
person,0.658303446451823,0.2634192346643525,0.03133935546875032,0.1389952256944458
person,0.3554661764701211,0.06923410274364347,0.02899094669024181,0.09573853245487954
person,0.4896299643317859,0.38646184172453835,0.03119677762190521,0.14705779803240993
person,0.11887199910481806,0.16889619502314873,0.034162251790365306,0.12681872106481595
person,0.11279268423716227,0.8930465856481486,0.05076163800557273,0.17361053240740823
person,0.4061566162109377,0.7673466977719918,0.04276062011718788,0.1752695674189838
person,0.5003115443189933,0.08812552445023274,0.03106050725777815,0.11734154369213212
person,0.5285267146428418,0.09269079137731616,0.020936689376829538,0.10445891203703973
