person,0.5711927286783862,0.1761576786747692,0.02937174479166818,0.1289809389467606
person,0.6587962336341538,0.06486038773148266,0.02339792788028679,0.0991489438657431
person,0.3680265299479174,0.044803240740741414,0.022592773437501514,0.08960648148148283
person,0.9468083695570622,0.44074951171875104,0.0395833325386036,0.15803801359953906
person,0.729518026510874,0.08013708043981582,0.01973958492278977,0.12388816550926128
person,0.5191284175713852,0.9261411313657407,0.05234374920527027,0.14771773726851853
person,0.6494649251302088,0.6410170717592598,0.04039306640625095,0.14213252314814917
person,0.25755777994791673,0.8664079680266208,0.03885925292968769,0.17079517505787106
person,0.5469905094305674,0.7485843460648152,0.042955628236134656,0.18005353009259328
person,0.036015319824219225,0.17237765700728805,0.030573527018230115,0.11153952987105759
person,0.19158935656150172,0.49988046575475625,0.03401163955529398,0.13398185164839932
person,0.21809515939818486,0.5168300558019567,0.042604774634043,0.1482407322636357
person,0.23212229400873194,0.4814809375339084,0.020130004684130162,0.11259222807707543
person,0.2476617940266929,0.5073782071949521,0.027447916666667044,0.12088235478342127
person,0.5988933817048869,0.05004457615039899,0.014244486391544341,0.06972167544894614
person,0.9694059246778485,0.2539756047284165,0.03074707070986354,0.11592140621609091
person,0.5466089884440104,0.2741844798900476,0.022837320963541668,0.1260888671875027
person,0.784967651367188,0.10200213396990843,0.02603169759114697,0.12227141203703906
person,0.3815968323747318,0.36023401331018606,0.030818583369255255,0.1573097511574091
person,0.6585893758138023,0.25857367621527844,0.030878092447917047,0.1389952256944458
person,0.3592904156446461,0.06899983653315842,0.02823577920595805,0.09505804980242795
person,0.48987264007329967,0.39199345341435304,0.03168212910493272,0.14832790798611348
person,0.11880976359049526,0.17097764756944495,0.034515889485678033,0.12758174189814916
person,0.11408050576845881,0.9088053385416667,0.04868184487024792,0.18238932291666668
person,0.40541300455729185,0.7584451859085658,0.04276062011718788,0.1740355541087983
person,0.5000625412662818,0.0906936306423623,0.03127132276693866,0.11805718315972459
person,0.9752040608723959,0.1858329426800765,0.046293267144096956,0.1077775992876221
person,0.528359274864196,0.09430573640046432,0.020936689376829538,0.10445891203703973
