person,0.5711496988932299,0.17426869936342648,0.02937174479166818,0.12872186053240847
person,0.6592269893089929,0.06372507957176048,0.023827513774235715,0.09927524594907651
person,0.3680265299479174,0.04243055555555623,0.022592773437501514,0.08486111111111246
person,0.9469632971286769,0.4422503255208344,0.0395833325386036,0.15779564525463177
person,0.7296040860811865,0.0798310908564825,0.01973958492278977,0.12388816550926128
person,0.5199959305922185,0.9287630208333334,0.052343749205270323,0.14247395833333337
person,0.6500465494791672,0.6443017216435191,0.04101106770833442,0.14191507523148242
person,0.2570244140625001,0.8706817129629633,0.0391310221354168,0.17096990740740786
person,0.5472148237228394,0.7534077329282411,0.04305717023213719,0.1815919415509268
person,0.0360517781575525,0.17210340598777496,0.03064644368489667,0.11145869276258696
person,0.1916039358297983,0.4997478992038303,0.03398248103459543,0.13398185164839937
person,0.21810471479097998,0.5167408088401513,0.042604774634043,0.14824073226363577
person,0.23219677724838264,0.48145316701818397,0.02021022116343163,0.11264776922155244
person,0.2476641845703127,0.507312542385525,0.027447916666667044,0.1208096912525299
person,0.5987189330657325,0.050007412380641825,0.013895467042923097,0.06979564073350587
person,0.969955525954564,0.2550316122549554,0.03143815151850321,0.1164422754358357
person,0.5466010538736978,0.2714539930555569,0.022939249674479238,0.12547309027778047
person,0.7844448852539069,0.10010120081018614,0.026133829752605326,0.12244777199074264
person,0.38169047049681354,0.35699450231481566,0.030918375889460375,0.15689988425926088
person,0.6587323404947919,0.2561508969907414,0.03064746093750041,0.13899522569444578
person,0.36120253523190854,0.0688827034279159,0.027858195463816137,0.09471780847620216
person,0.4899939779440566,0.3947592592592604,0.0319248048464465,0.14896296296296527
person,0.11877864583333386,0.17201837384259308,0.034692708333334404,0.12796325231481576
person,0.11559233637650881,0.9111408600983797,0.049078064680098225,0.1777182798032407
person,0.40504119873046895,0.7539944299768528,0.04276062011718788,0.17341854745370563
person,0.4999380397399261,0.09197768373842707,0.03137673052151892,0.11841500289352082
person,0.9744132486979168,0.18458309314869104,0.044576280381944146,0.10979600882824625
person,0.528275554974873,0.0951132089120384,0.02093668937682948,0.10445891203703973
