person,0.5710636393229174,0.170490740740741,0.02937174479166818,0.12820370370370424
person,0.660088500658671,0.06145446325231609,0.024686685562133565,0.0995278501157433
person,0.3680265299479174,0.03768518518518586,0.022592773437501514,0.07537037037037173
person,0.947273152271906,0.44525195312500127,0.0395833325386036,0.15731090856481728
person,0.7297762052218116,0.07921911168981582,0.01973958492278977,0.12388816550926128
person,0.5217309566338851,0.9340067997685186,0.05234374920527027,0.13198640046296298
person,0.6512097981770839,0.6508710214120375,0.04224707031250124,0.1414801793981489
person,0.2559576822916667,0.8792292028356483,0.03967456054687511,0.17131937210648182
person,0.5476634523073834,0.7630545066550932,0.04326025422414208,0.18466876446759364
person,0.03612469482421905,0.17155490394874875,0.030792277018229775,0.11129701854564567
person,0.19163309436639148,0.49948276610197834,0.03392416399319836,0.13398185164839932
person,0.21812382557657023,0.5165623149165401,0.042604774634043,0.1482407322636357
person,0.2323457437276841,0.4813976259867351,0.020370654122034537,0.1127588515105064
person,0.24766896565755225,0.5071812127666708,0.027447916666667044,0.1206643641907473
person,0.5983700357874236,0.049933084841127476,0.013197428345680369,0.06994357130262532
person,0.9710547285079955,0.25714362730803325,0.03282031313578232,0.11748401387532524
person,0.546585184733073,0.26599301938657544,0.023143107096354143,0.12424153645833606
person,0.7833993530273443,0.09629933449074156,0.02633809407552204,0.12280049189814977
person,0.381877746740977,0.3505154803240748,0.03111796092987067,0.15608015046296447
person,0.6590182698567711,0.25130533854166737,0.03018619791666737,0.1389952256944458
person,0.36502677440643344,0.06864843721743084,0.027103027979532433,0.09403732582375057
person,0.4902366536855703,0.4002908709490752,0.032410156329474006,0.15023307291666885
person,0.11871641031901106,0.1740998263888893,0.035046346028647125,0.12872627314814897
person,0.11861599759260884,0.9158119032118055,0.04987050429979889,0.16837619357638886
person,0.4042975870768231,0.7450929181134267,0.04276062011718788,0.17218453414352017
person,0.4996890366872147,0.09454578993055664,0.031587546030679425,0.11913064236111327
person,0.7449041883150737,0.9615921585648148,0.0422375758488973,0.07681568287037037
person,0.9728316243489586,0.1820833940859201,0.041142306857638054,0.11383282790949449
person,0.5281081151962272,0.09672815393518654,0.020936689376829538,0.10445891203703973
