person,0.5710206095377612,0.16860176142939828,0.02937174479166818,0.12794462528935213
person,0.6605192563335099,0.06031915509259391,0.025116271456082608,0.09965415219907671
person,0.9474280798435205,0.44675276692708465,0.0395833325386036,0.15706854021990999
person,0.729862264792124,0.07891312210648249,0.01973958492278977,0.12388816550926128
person,0.5225984696547185,0.9366286892361112,0.052343749205270206,0.12674262152777774
person,0.6517914225260424,0.6541556712962966,0.042865071614584714,0.14126273148148225
person,0.25542431640625,0.8835029477719908,0.039946329752604225,0.17149410445601873
person,0.5478877665996557,0.7678778935185192,0.04336179622014444,0.1862071759259271
person,0.03616115315755233,0.17128065292923567,0.030865193684896323,0.111216181437175
person,0.19164767363468807,0.4993501995510524,0.03389500547249984,0.13398185164839937
person,0.21813338096936538,0.5164730679547345,0.042604774634043,0.14824073226363566
person,0.2324202269673348,0.4813698554710106,0.020450870601336005,0.1128143926549834
person,0.24767135620117206,0.5071155479572438,0.027447916666667044,0.1205917006598561
person,0.5981955871482691,0.04989592107137031,0.012848408997059123,0.07001753658718506
person,0.971604329784711,0.2581996348345722,0.033511393944421874,0.11800488309507003
person,0.5465772501627605,0.2632625325520847,0.023245035807291595,0.12362575954861381
person,0.7828765869140629,0.09439840133101925,0.02644022623698028,0.12297685185185332
person,0.38197138486305876,0.3472759693287044,0.031217753450075846,0.15567028356481624
person,0.6591612345377608,0.24888255931713033,0.02995556640625073,0.13899522569444583
person,0.36693889399369595,0.06853130411218832,0.026725444237390584,0.09369708449752479
person,0.4903579915563272,0.40305667679398255,0.03265283207098773,0.15086812789352058
person,0.11868529256184965,0.1751405526620374,0.035223164876303475,0.12910778356481556
person,0.12012782820065884,0.9181474247685185,0.05026672410964921,0.16370515046296302
person,0.40392578125000017,0.7406421621817137,0.04276062011718788,0.17156752748842738
person,0.499564535160859,0.09582984302662141,0.03169295378525969,0.11948846209490951
person,0.7412615681489308,0.958683810763889,0.043161970933278344,0.08263237847222227
person,0.9720408121744796,0.18083354455453463,0.039425320095485245,0.11585123745011865
person,0.5280243953069044,0.09753562644676061,0.020936689376829597,0.10445891203703973
