person,0.6018103547890983,0.8286574045817058,0.04768320957819583,0.1832407350893374
person,0.7103122945626571,0.7377782355414504,0.05541666269302254,0.16463054515697204
person,0.8030471305052439,0.5981018518518525,0.04307342767715454,0.1695370370370357
person,0.6129751334587733,0.4656137876157421,0.03584610025087992,0.13506872106481752
person,0.3692579130331675,0.5790275969328714,0.037474159399668375,0.17824110243055757
person,0.06838506062825521,0.8466666680795175,0.058022562662760416,0.16277778060347947
person,0.408542277316253,0.41184027777777726,0.03015502989292145,0.14363498263888788
person,0.7945077006022141,0.44231481198911315,0.038952331542969884,0.15129629064489294
person,0.9563814038038254,0.23435180664062552,0.03156468749046345,0.12236210575810287
person,0.9105437963207559,0.24812355324074142,0.03238926907380346,0.1336603009259273
person,0.9202956393361096,0.15144544036300062,0.03068995217482306,0.09668970885100121
person,0.8896221083402637,0.08976366890801392,0.02841088334719283,0.11993894082528708
person,0.8572210221489267,0.07069923683449175,0.02066356122493668,0.10508300781250203
person,0.7298460276921593,0.10344070929068123,0.019588295618692086,0.12154540874339882
person,0.6366976928710945,0.1387962991219983,0.02353169759114735,0.12629630194769897
person,0.620818888147672,0.15171260127314815,0.0254736324151357,0.11694516782407408
person,0.49794270833333387,0.25819480613425994,0.030260416666667803,0.1250918692129643
person,0.5806604005893063,0.12009982638888957,0.023106689850487784,0.10128182870370506
person,0.3785420735677083,0.22509259259259293,0.029374186197916666,0.12703703703703773
person,0.3139525347948075,0.35481523019296185,0.03417846639951089,0.12734060216833112
person,0.31185704226295174,0.26085801866319414,0.02582996994257011,0.08786187065972155
person,0.42434173583984414,0.11325190508807148,0.017358194986979925,0.12372603239836516
person,0.4514400227864589,0.11304429372151693,0.021703287760417803,0.12145895781340423
person,0.5315562946597727,0.1901927806712963,0.026627807418503836,0.12887369791666667
person,0.4870833333333337,0.1049092158564825,0.01854166666666591,0.10610749421296499
person,0.21657307942708334,0.04455815067997685,0.021046956380208332,0.0891163013599537
person,0.15859375,0.05603407118055657,0.0328125,0.1057096354166687
person,0.05882114457587401,0.16979783729270653,0.025327632576227187,0.10998955479374639
person,0.1397397879759467,0.5646296324553314,0.037395835717518366,0.16907407972547744
person,0.19232401529947982,0.5187010814525467,0.03274780273437632,0.13796820746527846
person,0.2154060872395841,0.5402380046138062,0.03669392903645985,0.14796190332483464
person,0.229626770019532,0.5006019415678802,0.02178812662760568,0.11148129922372324
person,0.25067309081554423,0.5291418004918982,0.027997182607650946,0.1226806640625
person,0.6860437043507895,0.04653397171585783,0.01979574203491173,0.09306794343171566
person,0.6645291137695314,0.07404731927094704,0.013858439127604545,0.06614296030115333
person,0.8389267553885777,0.07270087136162652,0.019572057326634723,0.09939298982973452
person,0.9605517576138174,0.632043818721066,0.04766601522763475,0.16915310329861347
person,0.729395455121994,0.029390140816017436,0.02127768596013387,0.05878028163203487
person,0.48480453491210984,0.03715408113267687,0.019713846842448864,0.07430816226535374
