person,0.5709775797526049,0.16671278211805557,0.02937174479166818,0.127685546875
person,0.6609500120083491,0.05918384693287172,0.025545857350031533,0.0997804542824101
person,0.9475830074151351,0.44825358072916804,0.0395833325386036,0.1568261718750027
person,0.7299483243624365,0.07860713252314916,0.01973958492278977,0.12388816550926128
person,0.5234659826755518,0.9392505787037038,0.05234374920527027,0.1214988425925926
person,0.6523730468750008,0.657440321180556,0.04348307291666818,0.1410452835648155
person,0.2548909505208333,0.8877766927083334,0.04021809895833333,0.17166883680555556
person,0.5481120808919276,0.7727012803819452,0.04346333821614697,0.18774558738426061
person,0.03619761149088561,0.17100640190972258,0.030938110351562877,0.11113534432870438
person,0.19166225290298466,0.4992176330001264,0.03386584695180126,0.13398185164839926
person,0.2181429363621605,0.516383820992929,0.042604774634043,0.1482407322636357
person,0.23249471020698556,0.48134208495528613,0.020531087080637472,0.1128699337994604
person,0.24767374674479184,0.5070498831478166,0.027447916666667044,0.12051903712896472
person,0.5980211385091148,0.04985875730161314,0.01249938964843788,0.07009150187174479
person,0.9721539310614266,0.2592556423611111,0.034202474753061554,0.11852575231481483
person,0.5465693155924479,0.260532045717594,0.023346964518229166,0.12300998263889158
person,0.7823538208007819,0.09249746817129698,0.026542358398438635,0.12315321180555691
person,0.3820650229851405,0.344036458333334,0.03131754597028096,0.155260416666668
person,0.6593041992187504,0.24645978009259328,0.029724934895834092,0.1389952256944458
person,0.3688510135809584,0.0684141710069458,0.026347860495248673,0.093356843171299
person,0.4904793294270841,0.4058224826388899,0.032895507812501515,0.1515031828703724
person,0.11865417480468826,0.17618127893518554,0.035399983723959846,0.12948929398148215
person,0.12163965880870885,0.9204829463252315,0.05066294391949953,0.15903410734953705
person,0.4035539754231773,0.7361914062500007,0.04276062011718788,0.17095052083333467
person,0.4994400336345033,0.0971138961226862,0.03179836153983994,0.11984628182870573
person,0.7376189479827882,0.955775462962963,0.044086366017659626,0.08844907407407405
person,0.9712500000000005,0.17958369502314916,0.0377083333333322,0.11786964699074276
person,0.5279406754175814,0.09834309895833468,0.020936689376829538,0.10445891203703973
