person,0.570805257161459,0.16154452401620398,0.02937174479166818,0.12665169270833387
person,0.6627050372759502,0.0565692997685198,0.024442463874817123,0.09826880787037294
person,0.9478776848316189,0.45278266059027916,0.04016422382990411,0.15682617187500275
person,0.7301204435030615,0.07799515335648251,0.01973958492278977,0.12388816550926128
person,0.5238459469477332,0.9446040943287035,0.05310367774963313,0.11079166666666622
person,0.6535263264973965,0.664023473668982,0.04275984700520977,0.13976786747685288
person,0.25406473795572915,0.8934408275462964,0.04021809895833333,0.1674516782407409
person,0.5487500407695775,0.7829850983796304,0.04391650406519633,0.1909186921296303
person,0.03628615315755231,0.16984356915509294,0.03111519368489629,0.11113534432870438
person,0.19169141143957785,0.4989524998982745,0.033807529910404185,0.13398185164839932
person,0.21816204714775075,0.5162053270693179,0.042604774634043,0.1482407322636357
person,0.232643676686287,0.48128654392383724,0.02069152003924038,0.11298101608841436
person,0.24767852783203145,0.5069185535289624,0.027447916666667044,0.12037371006718213
person,0.5976825154622398,0.04895182065610546,0.011947469075521392,0.06994357186776648
person,0.9738753259181974,0.26157913773148145,0.034202474753061554,0.1199898726851852
person,0.5467414347330729,0.25493004918981604,0.023346964518229166,0.1218436053240765
person,0.7811144002278652,0.08836946614583414,0.026542358398438635,0.12285366030092754
person,0.3827357993125916,0.33742954282407484,0.03186564159393317,0.15262239583333484
person,0.659699869791667,0.24083333333333398,0.02962109375000068,0.13790219907407544
person,0.37162231461207096,0.06731477864583449,0.02397412141164068,0.09422229456018748
person,0.4914707438151049,0.4109823495370381,0.032895507812501515,0.1524797453703724
person,0.11880910237630284,0.17713028067129655,0.03509012858073068,0.1291838831018524
person,0.12466332002480887,0.9251539894386575,0.05145538353920016,0.1496920211226852
person,0.4035191243489586,0.7257882667824083,0.04200244140625043,0.1680160590277794
person,0.49991966815789507,0.09928150318287139,0.031173971732456826,0.12069625289352054
person,0.7303337076505025,0.9499587673611111,0.04593515618642196,0.10008246527777774
person,0.9680701494216924,0.17767740885416766,0.03811946551004937,0.11890444155092794
person,0.5282035334904981,0.09991572627314951,0.020936689376829538,0.10445891203703975
