person,0.5706329345703132,0.15637626591435239,0.02937174479166818,0.12561783854166775
person,0.6644600625435513,0.053954752604167884,0.02333907039960271,0.09675716145833577
person,0.9481723622481026,0.4573117404513902,0.040745115121204614,0.1568261718750027
person,0.7302925626436866,0.07738317418981583,0.01973958492278977,0.12388816550926128
person,0.5242259112199147,0.9499576099537034,0.053863606293995996,0.10008449074073995
person,0.6546796061197924,0.6706066261574081,0.04203662109375124,0.13849045138889035
person,0.25323852539062497,0.8991049623842594,0.0402180989583333,0.1632345196759262
person,0.549388000647227,0.7932689163773157,0.04436966991424587,0.194091796875
person,0.03637469482421901,0.1686807364004633,0.031292277018229696,0.11113534432870438
person,0.19172056997617098,0.4986873667964225,0.03374921286900712,0.13398185164839932
person,0.21818115793334103,0.5160268331457067,0.042604774634043,0.14824073226363566
person,0.23279264316558843,0.4812310028923883,0.020851952997843287,0.11309209837736837
person,0.247683308919271,0.5067872239101082,0.027447916666667044,0.12022838300539955
person,0.597343892415365,0.04804488401059778,0.011395548502604906,0.06979564186378814
person,0.9755967207749683,0.26390263310185186,0.034202474753061554,0.12145399305555558
person,0.5469135538736979,0.2493280526620381,0.023346964518229166,0.12067722800926141
person,0.7798749796549485,0.08424146412037131,0.026542358398438635,0.1225541087962982
person,0.38340657564004266,0.33082262731481565,0.03241373721758537,0.1499843750000016
person,0.6600955403645836,0.23520688657407476,0.029517252604167273,0.13680917245370508
person,0.37439361564318346,0.06621538628472318,0.02160038232803269,0.09508774594907596
person,0.4924621582031258,0.41614221643518623,0.032895507812501515,0.15345630787037245
person,0.11896402994791742,0.1780792824074076,0.03478027343750152,0.12887847222222262
person,0.12768698124090888,0.9298250325520834,0.05224782315890083,0.1403499348958334
person,0.40348427327473985,0.7153851273148157,0.04124426269531304,0.16508159722222415
person,0.5003993026812869,0.10144911024305657,0.03054958192507383,0.12154622395833536
person,0.723048467318217,0.9441420717592592,0.04778394635518405,0.11171585648148152
person,0.9648902988433844,0.17577112268518622,0.038530597686766414,0.11993923611111312
person,0.5284663915634148,0.1014883535879643,0.020936689376829597,0.10445891203703973
person,0.9894826253255208,0.1638680034213596,0.021034749348958333,0.10200539341679327
