person,0.5703744506835945,0.148623878761575,0.02937174479166818,0.12406705729166856
person,0.667092600444953,0.05003293185764,0.02168398018678109,0.09448969184028001
person,0.9486143783728282,0.464105360243057,0.04161645205815544,0.15682617187500275
person,0.730550741354624,0.07646520543981584,0.01973958492278977,0.12388816550926128
person,0.5247958576281868,0.9579878833912029,0.055003499110540234,0.0840237268518504
person,0.6564095255533859,0.6804813548900474,0.04095178222656356,0.1365743272569465
person,0.25199920654296876,0.907601164641204,0.04021809895833333,0.15690878182870419
person,0.5503449404637017,0.8086946433738436,0.045049418687819906,0.19885145399305454
person,0.03650750732421907,0.16693648726851887,0.03155790201822981,0.11113534432870438
person,0.19176430778106077,0.49828966714364464,0.03366173730691152,0.13398185164839932
person,0.21820982411172643,0.51575909226029,0.042604774634043,0.1482407322636357
person,0.2330160928845406,0.481147691345215,0.021092602435747693,0.11325872181079934
person,0.2476904805501304,0.5065902294818269,0.027447916666667044,0.12001039241272564
person,0.5968359578450526,0.04668447904233627,0.010567667643230295,0.06957374685782068
person,0.9781788130601244,0.2673878761574074,0.034202474753061554,0.12365017361111112
person,0.5471717325846354,0.24092505787037125,0.023346964518229166,0.11892766203703879
person,0.7780158487955735,0.07804946108217707,0.026542358398438635,0.12210478153935414
person,0.3844127401312194,0.3209122540509269,0.03323588065306371,0.14602734375000184
person,0.6606890462239585,0.22676721643518588,0.02936149088541716,0.1351696325231495
person,0.37855056718985225,0.06456629774305621,0.018039773702620703,0.0963859230324087
person,0.49394927978515696,0.42388201678240844,0.032895507812501515,0.1549211516203724
person,0.1191964213053393,0.17950278501157416,0.03431549072265776,0.12842035590277798
person,0.1327476399739591,0.9371399377893519,0.05234423828125158,0.12572012442129632
person,0.4034319966634118,0.6997804181134272,0.04010699462890687,0.16067990451389122
person,0.5011187544663745,0.10470052083333437,0.029612997213999154,0.12282118055555759
person,0.7121206068197887,0.9354170283564816,0.050557131608327664,0.129165943287037
person,0.9601205229759222,0.17291169343171398,0.03914729595184217,0.12149142795139091
person,0.5288606786727897,0.10384729456018654,0.020936689376829538,0.10445891203703975
person,0.9823454795281094,0.16476151183799512,0.027444458405176418,0.11229212089821246
