person,0.5702882893880216,0.14603974971064923,0.02937174479166818,0.1235501302083355
person,0.6679701130787536,0.048725658275464045,0.021132283449173884,0.0937338686342614
person,0.94876171708107,0.46636990017361246,0.04190689770380575,0.15682617187500264
person,0.7306368009249365,0.07615921585648248,0.01973958492278977,0.12388816550926128
person,0.5249858397642775,0.9606646412037031,0.055383463382721605,0.07867013888888731
person,0.6569861653645838,0.6837729311342605,0.04059016927083417,0.13593561921296532
person,0.25158610026041667,0.9104332320601854,0.04021809895833333,0.15480020254629684
person,0.5506639204025264,0.8138365523726862,0.04527600161234477,0.2004380063657394
person,0.03655177815755242,0.16635507089120405,0.03164644368489652,0.11113534432870438
person,0.19177888704935733,0.49815710059271867,0.033632578786212945,0.13398185164839932
person,0.21821937950452158,0.5156698452984846,0.042604774634043,0.1482407322636357
person,0.23309057612419135,0.48111992082949057,0.021172818915049133,0.11331426295527644
person,0.24769287109375018,0.5065245646723997,0.027447916666667044,0.11993772888183432
person,0.5966666463216153,0.046231010719582424,0.01029170735677217,0.06949978185583151
person,0.97903951048851,0.2685496238425926,0.034202474753061554,0.12438223379629629
person,0.547257792154948,0.2381240596064823,0.023346964518229166,0.11834447337963126
person,0.7773961385091152,0.07598546006944566,0.026542358398438635,0.12195500578703947
person,0.38474812829494487,0.31760879629629724,0.03350992846488984,0.14470833333333522
person,0.6608868815104169,0.22395399305555624,0.029309570312500453,0.1346231192129643
person,0.3799362177054085,0.06401660156250054,0.016852904160816706,0.09681864872685293
person,0.49444498697916744,0.4264619502314825,0.032895507812501515,0.1554094328703724
person,0.11927388509114659,0.17997728587962972,0.03416056315104319,0.1282676504629631
person,0.13452205403645925,0.9396296296296296,0.05219433593750183,0.12074074074074072
person,0.4034145711263024,0.6945788483796308,0.039727905273438203,0.15921267361111352
person,0.5013585717280705,0.10578432436342693,0.029300802310307714,0.12324616608796499
person,0.708477986653646,0.9325086805555556,0.05148152669270871,0.1349826388888889
person,0.9585305976867681,0.17195855034722324,0.03935286204020064,0.12200882523148351
person,0.5289921077092481,0.10463360821759393,0.020936689376829538,0.10445891203703972
person,0.9799664309289722,0.16505934797687363,0.029581028090582488,0.11572103005868553
