person,0.5702021280924486,0.14345562065972345,0.02937174479166818,0.12303320312500243
person,0.6688476257125541,0.04741838469328809,0.020580586711566675,0.09297804542824284
person,0.948909055789312,0.468634440104168,0.04219734334945594,0.1568261718750027
person,0.730722860495249,0.07585322627314915,0.01973958492278977,0.12388816550926128
person,0.5251758219003682,0.963341399016203,0.055763427654903094,0.07331655092592414
person,0.6575628051757818,0.6870645073784735,0.040228556315105024,0.13529691116898396
person,0.2511729939778646,0.913265299479167,0.0402180989583333,0.1526916232638895
person,0.5509829003413513,0.8189784613715287,0.04550258453686944,0.20202455873842426
person,0.036596048990885775,0.16577365451388923,0.031734985351563216,0.11113534432870438
person,0.19179346631765395,0.49802453404179275,0.033603420265514425,0.13398185164839937
person,0.2182289348973167,0.5155805983366789,0.042604774634043,0.14824073226363566
person,0.23316505936384205,0.4810921503137661,0.0212530353943506,0.11336980409975345
person,0.24769526163736996,0.5064588998629727,0.027447916666667044,0.11986506535094306
person,0.5964973347981778,0.045777542396828595,0.010015747070313807,0.06942581685384237
person,0.9799002079168954,0.2697113715277778,0.034202474753061554,0.1251142939814815
person,0.5473438517252605,0.23532306134259334,0.023346964518229166,0.1177612847222237
person,0.7767764282226568,0.07392145905671424,0.026542358398438635,0.1218052300347248
person,0.38508351645867045,0.3143053385416677,0.033783976276715914,0.14338932291666862
person,0.6610847167968752,0.2211407696759266,0.02925764973958375,0.13407660590277914
person,0.3813218682209648,0.06346690538194488,0.01566603461901271,0.09725137442129718
person,0.4949406941731778,0.4290418836805566,0.032895507812501515,0.15589771412037245
person,0.11935134887695388,0.18045178674768522,0.0340056355794286,0.1281149450231482
person,0.13629646809895934,0.9421193214699074,0.05204443359375205,0.11576135706018523
person,0.4033971455891931,0.6893772786458346,0.03934881591796948,0.15774544270833593
person,0.5015983889897664,0.10686812789351953,0.028988607406616157,0.1236711516203724
person,0.7057552795410158,0.9301820203993056,0.052104024251302526,0.13963595920138885
person,0.9569406723976142,0.1710054072627325,0.039558428128559225,0.12252622251157609
person,0.5291235367457064,0.10541992187500135,0.020936689376829597,0.10445891203703973
person,0.8040716846783956,0.963937717013889,0.047509010632832846,0.07212456597222222
person,0.9775873823298352,0.16535718411575215,0.03171759777598844,0.11914993921915859
