person,0.5701159667968757,0.14087149160879764,0.02937174479166818,0.12251627604166937
person,0.6697251383463547,0.04611111111111212,0.02002888997395947,0.09222222222222425
person,0.9490563944975539,0.4708989800347236,0.04248778899510626,0.1568261718750027
person,0.7308089200655615,0.07554723668981583,0.01973958492278977,0.12388816550926128
person,0.5253658040364589,0.9660181568287027,0.05614339192708447,0.06796296296296095
person,0.6581394449869795,0.6903560836226865,0.03986694335937576,0.1346582031250027
person,0.2507598876953125,0.9160973668981485,0.04021809895833333,0.15058304398148217
person,0.5513018802801762,0.8241203703703714,0.045729167461394125,0.2036111111111091
person,0.03664031982421913,0.1651922381365744,0.03182352701822992,0.11113534432870438
person,0.19180804558595052,0.4978919674908667,0.03357426174481587,0.13398185164839932
person,0.21823849029011186,0.5154913513748735,0.042604774634043,0.1482407322636357
person,0.23323954260349275,0.48106437979804173,0.021333251873652072,0.1134253452442304
person,0.24769765218098977,0.5063932350535455,0.027447916666667044,0.11979240182005174
person,0.5963280232747403,0.04532407407407475,0.009739786783855682,0.0693518518518532
person,0.9807609053452807,0.270873119212963,0.034202474753061554,0.12584635416666667
person,0.547429911295573,0.23252206307870438,0.023346964518229166,0.11717809606481616
person,0.7761567179361984,0.07185745804398283,0.026542358398438635,0.1216554542824101
person,0.38541890462239603,0.31100188078703805,0.03405802408854205,0.14207031250000202
person,0.6612825520833335,0.21832754629629697,0.029205729166667044,0.13353009259259394
person,0.38270751873652104,0.06291720920138923,0.014479165077208714,0.09768410011574141
person,0.49543640136718825,0.43162181712963066,0.032895507812501515,0.1563859953703724
person,0.11942881266276117,0.18092628761574076,0.033850708007814014,0.12796223958333333
person,0.13807088216145946,0.9446090133101852,0.05189453125000227,0.11078197337962964
person,0.4033797200520837,0.6841757089120384,0.03896972656250076,0.15627821180555826
person,0.5018382062514622,0.10795193142361213,0.0286764125029246,0.1240961371527798
person,0.7030325724283857,0.9278553602430556,0.052726521809896336,0.14428927951388892
person,0.95535074710846,0.17005226417824176,0.03976399421691781,0.1230436197916687
person,0.5292549657821648,0.10620623553240875,0.020936689376829538,0.10445891203703973
person,0.8039982593854269,0.9606877531828705,0.047779762585957876,0.07862449363425929
person,0.975208333730698,0.16565502025463064,0.0338541674613945,0.12257884837963165
