person,0.5700431823730476,0.13934049479166788,0.02925486246744941,0.12200419560185428
person,0.6699550272623703,0.045639377170139904,0.020287862141928178,0.09127875434027981
person,0.9490986818869912,0.4742118602328844,0.042572323083877,0.15754170368336087
person,0.7307658902804053,0.07567455150463064,0.01973958492278977,0.12388816550926128
person,0.5253658040364589,0.9660181568287027,0.05614339192708447,0.06796296296296095
person,0.6584072265625004,0.6952027633101864,0.040154296875000856,0.13546484375000245
person,0.25007849121093756,0.9192437608506947,0.04049043782552098,0.14601247829861164
person,0.5515704349676762,0.8288942780671306,0.045729167461394125,0.2036111111111091
person,0.03664031982421913,0.1653209092881948,0.03182352701822992,0.11139268663194513
person,0.19182262485424711,0.4977594009399408,0.03354510322411735,0.13398185164839932
person,0.21824804568290695,0.5154021044130679,0.042604774634043,0.14824073226363577
person,0.2333140258431435,0.4810366092823173,0.02141346835295354,0.1134808863887074
person,0.24770004272460958,0.5063275702441183,0.027447916666667044,0.11971973828916037
person,0.5959009399414069,0.04535176142939876,0.00992728678385563,0.06950018084490862
person,0.9813150333166121,0.271711715133102,0.03352179026603655,0.12483582899305577
person,0.5475590006510417,0.23070949074074146,0.023346964518229166,0.1167662037037051
person,0.7754478963216151,0.07039856409143644,0.02638692220052204,0.12094361255787286
person,0.38530591837565115,0.3099021267361121,0.033377746582031576,0.1430290798611131
person,0.6612760518590612,0.21605976924189874,0.02924741621812205,0.1331767578125012
person,0.3842570793231325,0.06309443721064849,0.015484373490014983,0.09768410011574141
person,0.4955609436035164,0.43452445037276755,0.03314459228515775,0.15682147018997936
person,0.11914855957031326,0.1829137008101853,0.034150797526043185,0.12826519097222244
person,0.13901928710937606,0.947098705150463,0.05174462890625211,0.10580258969907404
person,0.40317311604817746,0.6805929181134273,0.03896972656250076,0.1558697193287063
person,0.5017555239597956,0.10939910662615838,0.029104716539382795,0.12431289785879825
person,0.7003098653157555,0.9255287000868055,0.05334901936849003,0.14894259982638888
person,0.9531816390752796,0.16850983796296398,0.0403841114838908,0.1230436197916687
person,0.5292788712183627,0.10765136718750136,0.020936689376829538,0.10445891203703975
person,0.8039248340924582,0.957437789351852,0.048050514539082795,0.08512442129629634
person,0.9730911360383038,0.16420108145254725,0.033807272076605936,0.12183857783565011
