person,0.5699703979492196,0.13780949797453812,0.029137980143230633,0.1214921151620392
person,0.6701849161783859,0.04516764322916768,0.020546834309896768,0.09033528645833536
person,0.9491409692764285,0.4775247404310452,0.042656857172647736,0.15825723549171894
person,0.730722860495249,0.07580186631944547,0.01973958492278977,0.12388816550926128
person,0.6586750081380213,0.7000494429976863,0.04044165039062596,0.1362714843750022
person,0.24939709472656263,0.922390154803241,0.040762776692708544,0.14144191261574132
person,0.5518389896551762,0.8336681857638895,0.045729167461394125,0.2036111111111091
person,0.03664031982421913,0.16544958043981517,0.03182352701822992,0.11165002893518587
person,0.1918372041225437,0.49762683438901484,0.0335159447034188,0.13398185164839937
person,0.2182576010757021,0.5153128574512623,0.042604774634043,0.1482407322636357
person,0.23338850908279424,0.48100883876659284,0.021493684832255007,0.11353642753318441
person,0.24770243326822936,0.5062619054346914,0.027447916666667044,0.11964707475826915
person,0.5954738566080736,0.04537944878472276,0.010114786783855578,0.06964850983796406
person,0.9818691612879433,0.27255031105324096,0.03284110577901179,0.12382530381944484
person,0.5476880900065104,0.2288969184027785,0.023346964518229166,0.1163543113425941
person,0.7747390747070317,0.06893967013889003,0.026231486002605327,0.12023177083333562
person,0.38519293212890643,0.3088023726851861,0.03269746907552117,0.1439878472222241
person,0.6612695516347887,0.21379199218750053,0.029289103269577055,0.1328234230324085
person,0.38580663990974395,0.06327166521990775,0.01648958190282125,0.09768410011574141
person,0.4956854858398445,0.4374270836159044,0.03339367675781393,0.15725694500958623
person,0.11886830647786534,0.18490111400462986,0.03445088704427235,0.12856814236111155
person,0.13996769205729265,0.9495883969907408,0.051594726562501976,0.10082320601851855
person,0.4029665120442712,0.677010127314816,0.03896972656250076,0.15546122685185432
person,0.5016728416681288,0.11084628182870465,0.029533020575840927,0.12452965856481668
person,0.6975871582031253,0.9232020399305556,0.05397151692708384,0.15359592013888893
person,0.9510125310420995,0.1669674117476862,0.041004228750863805,0.1230436197916687
person,0.5293027766545606,0.10909649884259394,0.020936689376829538,0.10445891203703973
person,0.8038514087994892,0.9541878255208333,0.04832126649220771,0.0916243489583333
person,0.9709739383459094,0.1627471426504639,0.033760376691817605,0.12109830729166855
