person,0.5697520446777351,0.1332165075231488,0.02878733317057443,0.11995587384259394
person,0.6708745829264325,0.043752441406251015,0.021323750813802653,0.08750488281250203
person,0.9492678314447408,0.4874633810255276,0.04291045943895995,0.16040383091679328
person,0.7305937711397803,0.0761838107638899,0.01973958492278977,0.12388816550926128
person,0.6594783528645839,0.7145894820601859,0.04130371093750114,0.13869140625000134
person,0.24735290527343778,0.9318293366608799,0.0415797932942714,0.12773021556712996
person,0.5526446537176762,0.8479899088541667,0.045729167461394125,0.2036111111111091
person,0.03664031982421913,0.16583559389467628,0.03182352701822992,0.11242205584490808
person,0.19188094192743343,0.497229134736237,0.03342846914132321,0.13398185164839937
person,0.21828626725408748,0.5150451165658456,0.042604774634043,0.1482407322636357
person,0.23361195880174637,0.48092552721941945,0.021734334270159354,0.11370305096661537
person,0.24770960489908872,0.50606491100641,0.027447916666667044,0.1194290841655952
person,0.5941926066080735,0.04546251085069478,0.010677286783855303,0.0700934968171303
person,0.9835315452019372,0.2750660988136579,0.030799052317937024,0.12079372829861212
person,0.5480753580729166,0.22345920138888975,0.023346964518229166,0.11511863425926094
person,0.7726126098632818,0.06456298828125084,0.025765177408855304,0.11809624565972392
person,0.38485397338867194,0.30550311053240825,0.030656636555989773,0.14686414930555725
person,0.6612500509619716,0.2069886610243059,0.029414164423942186,0.13176341869213032
person,0.39045532166957836,0.06380334924768552,0.019505207141240058,0.09768410011574141
person,0.4960591125488288,0.446134983345315,0.034140930175782576,0.15856336946840707
person,0.1180275472005216,0.19086335358796347,0.03535115559895985,0.1294769965277788
person,0.14281290690104242,0.9570574725115741,0.051145019531251515,0.08588505497685185
person,0.40234670003255246,0.6662617549189825,0.03896972656250076,0.15423574942129833
person,0.5014247947931286,0.11518780743634344,0.03081793268521551,0.12517994068287205
person,0.6894190368652348,0.9162220594618057,0.055839009602865274,0.1675558810763889
person,0.9445052069425586,0.16234013310185286,0.042864580551782674,0.1230436197916687
person,0.5293744929631543,0.11343189380787172,0.020936689376829538,0.10445891203703973
person,0.8036311329205832,0.9444379340277779,0.049133522351582685,0.11112413194444447
person,0.9646223452687266,0.1583853262442138,0.03361969053745213,0.11887749565972391
