person,0.569606475830079,0.1301545138888893,0.028553568522136884,0.11893171296296377
person,0.6713343607584638,0.042808973524306564,0.021841695149739947,0.08561794704861313
person,0.9493524062236155,0.49408914142184923,0.043079527616501426,0.1618348945335095
person,0.7305077115694678,0.07643844039351953,0.01973958492278977,0.12388816550926128
person,0.6600139160156256,0.7242828414351856,0.04187841796875134,0.14030468750000086
person,0.2459901123046879,0.9381221245659723,0.04212447102864661,0.11858908420138914
person,0.5531817630926762,0.8575377242476849,0.045729167461394125,0.20361111111110922
person,0.03664031982421913,0.166092936197917,0.03182352701822992,0.11293674045138957
person,0.19191010046402662,0.496964001634385,0.03337015209992611,0.13398185164839932
person,0.21830537803967776,0.5148666226422345,0.042604774634043,0.1482407322636357
person,0.23376092528104783,0.48086998618797056,0.02189476722876229,0.11381413325556938
person,0.24771438598632833,0.5059335813875557,0.027447916666667044,0.11928375710381262
person,0.5933384399414068,0.0455178855613428,0.0110522867838552,0.07039015480324115
person,0.9846398011445998,0.2767432906539359,0.02943768334388726,0.1187726779513903
person,0.5483335367838542,0.21983405671296388,0.023346964518229166,0.11429484953703888
person,0.771194966634115,0.061645200376158046,0.025454305013021993,0.11667256221064944
person,0.38462800089518234,0.3033036024305563,0.029296081542968897,0.14878168402777933
person,0.6612370505134268,0.20245310691550944,0.029497538526852194,0.13105674913194484
person,0.39355444284280133,0.06415780526620404,0.021515623966852596,0.09768410011574141
person,0.49630819702148504,0.45194024983158876,0.03463909912109499,0.1594343191076209
person,0.11746704101562576,0.19483817997685257,0.035951334635418185,0.130082899305557
person,0.1466644287109375,0.9627866391782408,0.050421142578125,0.07442672164351852
person,0.40193349202473994,0.6590961733217602,0.03896972656250076,0.1534187644675944
person,0.501259430209795,0.11808215784143597,0.031674540758131836,0.12561346209490895
person,0.6839736226399744,0.9115687391493056,0.05708400472005278,0.17686252170138894
person,0.940166990876198,0.1592552806712973,0.044104815085728666,0.1230436197916687
person,0.5294223038355502,0.11632215711805691,0.020936689376829538,0.10445891203703973
person,0.8034842823346456,0.9379380063657408,0.049675026257832516,0.12412398726851848
person,0.960387949883938,0.1554774486400471,0.03352589976787523,0.11739695457176082
