person,0.5694609069824227,0.12709252025462978,0.028319803873699454,0.1179075520833336
person,0.6717941385904947,0.04186550564236212,0.022359639485677124,0.08373101128472424
person,0.9494369810024903,0.5007149018181708,0.0432485957940429,0.16326595815022565
person,0.7304216519991553,0.07669307002314917,0.01973958492278977,0.12388816550926128
person,0.6605494791666674,0.7339762008101854,0.04245312500000142,0.14191796875000026
person,0.24462731933593804,0.9444149124710649,0.04266914876302185,0.1094479528356483
person,0.5537188724676763,0.8670855396412029,0.045729167461394125,0.2036111111111091
person,0.03664031982421913,0.16635027850115777,0.03182352701822992,0.11345142505787105
person,0.1919392590006198,0.49669886853253303,0.03331183505852904,0.13398185164839926
person,0.218324488825268,0.5146881287186234,0.042604774634043,0.14824073226363566
person,0.2339098917603493,0.4808144451565216,0.022055200187365197,0.11392521554452334
person,0.2477191670735679,0.5058022517687015,0.027447916666667044,0.11913843004203002
person,0.5924842732747401,0.04557326027199081,0.011427286783854976,0.07068681278935199
person,0.9857480570872624,0.27842048249421386,0.0280763143698375,0.11675162760416848
person,0.5485917154947917,0.21620891203703801,0.023346964518229166,0.11347106481481681
person,0.7697773234049485,0.058727412471065256,0.025143432617188564,0.11524887876157495
person,0.3844020284016928,0.30110409432870444,0.027935526529947966,0.15069921875000142
person,0.6612240500648822,0.19791755280671305,0.029580912629762323,0.1303500795717594
person,0.3966535640160242,0.06451226128472257,0.023526040792465133,0.09768410011574141
person,0.4965572814941412,0.4577455163178625,0.0351372680664074,0.1603052687468348
person,0.11690653483072992,0.19881300636574167,0.036551513671876514,0.13068880208333514
person,0.4015202840169274,0.6519305917245377,0.03896972656250076,0.15260177951389037
person,0.5010940656264615,0.12097650824652849,0.032531148831048226,0.12604698350694588
person,0.6809749247233079,0.9061282913773152,0.05717283121744903,0.18302119502314884
person,0.9358287748098374,0.15617042824074176,0.045345049619674546,0.1230436197916687
person,0.529470114707946,0.11921242042824208,0.020936689376829538,0.10445891203703972
person,0.8033374317487083,0.9314380787037038,0.050216530164082465,0.1371238425925926
person,0.9561535544991495,0.15256957103588037,0.03343210899829832,0.11591641348379772
person,0.9882858276367187,0.12300088670518664,0.0234283447265625,0.12574714378074364
person,0.500328849752744,0.03679453178688332,0.025899805625279743,0.07358906357376664
