person,0.6007840489546458,0.8237683721471721,0.04733909400304093,0.18850028596101087
person,0.706406127055486,0.7381485674822782,0.048562498251595795,0.1647039636682584
person,0.8051792711416882,0.6020462962962968,0.04243373759587629,0.1649814814814804
person,0.6134705795314578,0.46069666280864313,0.034657359149721026,0.1342116126543233
person,0.36995074343681306,0.5662869285300934,0.036442828019459424,0.17098169849537212
person,0.0693915100097657,0.8497165807088216,0.05588425699869806,0.1642335086398654
person,0.40884411662817055,0.4057711226851844,0.030072185079256228,0.1429217303240724
person,0.7965519510904955,0.4503115709092877,0.03859340413411587,0.15336475061487165
person,0.957297755042712,0.23776331922743085,0.0322926536401115,0.12263203486689873
person,0.9115556885997451,0.25202242476851905,0.03272522811094861,0.13441811342592702
person,0.920589879771074,0.15509808024653635,0.031197296977043248,0.0987729110717764
person,0.8899190983374915,0.09264675747906816,0.028296530008315675,0.12053440037480297
person,0.8576032027204826,0.0715119176793993,0.02048147054513194,0.10471690538194674
person,0.7298097523053487,0.10306460585417597,0.019640907605488304,0.12218686506483244
person,0.6359769083658862,0.13385192588523617,0.0234524332682304,0.12292578464084188
person,0.6205490719874702,0.15044950810185212,0.025316324313481194,0.11736024305555609
person,0.4973802080154422,0.26423998119213005,0.03038541603088447,0.127335575810186
person,0.5813337405125298,0.12268909115261488,0.022739014228183526,0.10106539295337791
person,0.3790521445274351,0.22230573583532298,0.0289368085861201,0.1290929531521269
person,0.3148299354314803,0.3587795461018885,0.03471541285514815,0.12751243421766584
person,0.3118174173136555,0.263855016637731,0.02592975650231099,0.08903237123842497
person,0.42467795825004595,0.1122006728560835,0.01701908381780033,0.12332785034179661
person,0.45137060546875035,0.11279836442735458,0.02185172526041737,0.12145031681767215
person,0.5318921100497244,0.19314315739384394,0.026643350958822747,0.13004644210250266
person,0.48904768880208355,0.10331590016683044,0.01836295572916621,0.10877560820402964
person,0.217828369140625,0.04210363317418982,0.021046956380208332,0.08420726634837963
person,0.16037801106770833,0.05264412887008213,0.029243977864583333,0.10210900426794205
person,0.05873537344237169,0.1694039570843732,0.025226484189430867,0.10998955479374639
person,0.13919526966412832,0.5677406700981993,0.03930647357304829,0.16522237028899123
person,0.1921431884765632,0.5182236870659724,0.03294278971354307,0.1384044777199078
person,0.2151078287760424,0.539899168509025,0.0372928873697932,0.14770885495786457
person,0.22956695556640702,0.5003056088200322,0.02190775553385569,0.11159248210765702
person,0.2502997692028683,0.5288231517650464,0.027298146804174046,0.1226806640625
person,0.6856938902537029,0.04648089373553376,0.0196587766011555,0.09296178747106752
person,0.6645779699881873,0.07359491355330951,0.014334569533666179,0.06676013960661902
person,0.8391269272565842,0.07357744499489113,0.020201486349105836,0.09919807575367116
person,0.9562875159978861,0.6265795175057882,0.048262694756188884,0.17056318721065047
person,0.7285826702912649,0.02909247009842484,0.02127768596013387,0.05818494019684968
person,0.48524726359049536,0.03715408113267687,0.019682556152344925,0.07430816226535374
