person,0.5693881225585945,0.12556152343750002,0.028202921549480682,0.11739547164351852
person,0.6720240275065104,0.0413937717013899,0.022618611653645832,0.0827875434027798
person,0.9494792683919276,0.5040277820163317,0.04333312988281364,0.16398148995858383
person,0.7303786222139991,0.07682038483796398,0.01973958492278977,0.12388816550926128
person,0.6608172607421883,0.7388228804976852,0.04274047851562651,0.142724609375
person,0.24394592285156305,0.9475613064236111,0.04294148763020947,0.10487738715277778
person,0.5539874271551762,0.871859447337962,0.045729167461394125,0.2036111111111091
person,0.03664031982421913,0.16647894965277812,0.03182352701822992,0.1137087673611118
person,0.19195383826891638,0.49656630198160706,0.033282676537830486,0.13398185164839932
person,0.21833404421806316,0.5145988817568179,0.042604774634043,0.1482407322636357
person,0.233984375,0.48078667464079716,0.022135416666666668,0.11398075668900035
person,0.2477215576171877,0.5057365869592744,0.027447916666667044,0.1190657665111387
person,0.5920571899414067,0.045600947627314814,0.011614786783854924,0.07083514178240741
person,0.9863021850585937,0.2792590784143529,0.027395629882812498,0.11574110243055757
person,0.5487208048502604,0.2143963396990751,0.023346964518229166,0.11305917245370573
person,0.7690685017903651,0.05726851851851886,0.02498799641927197,0.11453703703703771
person,0.3842890421549479,0.30000434027777845,0.0272552490234375,0.15165798611111247
person,0.6612175498406098,0.19564977575231482,0.02962259968121733,0.12999674479166667
person,0.3982031246026357,0.06468948929398181,0.024531249205271402,0.09768410011574141
person,0.4966818237304693,0.46064814956099936,0.03538635253906364,0.16074074356644175
person,0.116626281738282,0.2008004195601862,0.036851603190105685,0.13099175347222425
person,0.4013136800130212,0.6483478009259266,0.03896972656250076,0.15219328703703838
person,0.5010113833347949,0.12242368344907475,0.03295945286750642,0.12626374421296432
person,0.6806989339192716,0.9030145037615748,0.05663916015625148,0.18452654803240875
person,0.9336596667766571,0.15462800202546398,0.04596516688664754,0.1230436197916687
person,0.5294940201441439,0.12065755208333469,0.020936689376829538,0.10445891203703973
person,0.8033370248476662,0.9293981481481481,0.050216530164082465,0.14120370370370372
person,0.9540363568067552,0.15111563223379698,0.033385213613509754,0.11517614293981616
person,0.9878270467122395,0.12153508984601066,0.024345906575520833,0.12526328588415095
person,0.5014831262826921,0.03679453178688332,0.02359125256538353,0.07358906357376664
