person,0.5680701904296882,0.12303705512152797,0.027838785807292866,0.11822218605324114
person,0.6721633911132813,0.04025164568865876,0.022618611653645832,0.08050329137731752
person,0.9496745808919277,0.5121805593702542,0.04372375488281364,0.16500926688865108
person,0.7302889005343116,0.07788765914351962,0.01973958492278977,0.12421715856481705
person,0.6618859863281253,0.7610941116898159,0.04643636067708409,0.15484881365740943
person,0.2413435363769537,0.9548326280381945,0.04294148763020947,0.09033474392361111
person,0.5535455888225911,0.8854276176735206,0.0466128945350631,0.19904761299254192
person,0.03670306396484402,0.16766742621527841,0.03126053873697969,0.1133318142361124
person,0.19178974507252414,0.49631879636976417,0.03361074014504671,0.13639808174415793
person,0.21809973049163783,0.514790993301957,0.043073647181192304,0.14785650917335733
person,0.23387493896484354,0.4832175016756417,0.02235416666666632,0.11550842638368992
person,0.2477215576171877,0.5062101095694089,0.027447916666667044,0.12001259471751972
person,0.5906799620985987,0.04549515335648149,0.013672709027926543,0.07083514178240741
person,0.9861193837722141,0.28902633101851855,0.027760414679844796,0.12379918981481482
person,0.5479944864908854,0.21047891348379702,0.023346964518229166,0.11389402488426068
person,0.7671257527669276,0.055935185185185726,0.02498799641927197,0.11187037037037145
person,0.3844168192545574,0.29318348524305615,0.02815594482421885,0.15102191840277895
person,0.661989888707797,0.1894797996238426,0.02962259968121733,0.1287255859375
person,0.4035827025373779,0.06558195891203737,0.02582165507475492,0.09768410011574141
person,0.49730163574218805,0.4677631122447833,0.03538635253906364,0.15734414983678782
person,0.114431457519532,0.20512339048032488,0.036851603190105685,0.13045692274305715
person,0.40146840413411494,0.6407257306134266,0.03896972656250076,0.15549298321759392
person,0.5005792850057278,0.1258631908275471,0.03253287827968467,0.1242180627893534
person,0.6750378248426661,0.8918012755594149,0.05503814697265833,0.18618139949845938
person,0.9300971362590792,0.15088608579282478,0.042183855851490884,0.12194867621527919
person,0.5298886124293002,0.12569455295138984,0.020936689376829538,0.10509714988426114
person,0.8048588971296947,0.9204197410300926,0.04941811164220198,0.15916051793981487
person,0.9503432415723803,0.14767270688657474,0.0308739831447595,0.11517614293981616
person,0.9864507039388021,0.11713769926848272,0.027098592122395834,0.12381171219437286
person,0.5026367514559202,0.039242245911290406,0.022909872889518585,0.07848449182258081
