person,0.5676308797200527,0.12219556568287065,0.027717407226563632,0.11849775752314869
person,0.6722098456488714,0.039870937017748374,0.022618611653645832,0.07974187403549675
person,0.9497396850585943,0.5148981518215617,0.04385396321614697,0.16535185919867357
person,0.730258993307749,0.07824341724537152,0.01973958492278977,0.12432682291666895
person,0.6620924886067712,0.7666008391203714,0.04643636067708409,0.15484881365740943
person,0.24047607421875056,0.9572564019097223,0.04294148763020947,0.08548719618055556
person,0.553398309378396,0.8899503411187067,0.04690747022628603,0.1975264469530197
person,0.036723978678385644,0.1680635850694452,0.031072875976562952,0.11320616319444594
person,0.1917350473403934,0.49623629449914985,0.03372009468078545,0.1372034917760775
person,0.2180216259161627,0.5148550304836702,0.04322993803024208,0.14772843480993123
person,0.23383846028645808,0.4840277773539234,0.022427083333332862,0.11601764961525315
person,0.2477215576171877,0.5063679504394538,0.027447916666667044,0.12032820411964677
person,0.5902208861509962,0.04545988859953704,0.014358683109283751,0.07083514178240741
person,0.9861193837722141,0.29064730420524687,0.027760414679844796,0.12395230516975307
person,0.5477523803710938,0.20917310474537099,0.023346964518229166,0.114172309027779
person,0.7664781697591151,0.05549074074074135,0.02498799641927197,0.1109814814814827
person,0.38445941162109387,0.29090986689814874,0.028456176757812614,0.15080989583333437
person,0.6622473349968594,0.18742314091435186,0.02962259968121733,0.12830186631944443
person,0.405375895182292,0.06587944878472256,0.02625179036458274,0.09768410011574141
person,0.4975082397460943,0.47013476647271124,0.03538635253906364,0.15621195192690313
person,0.11369984944661533,0.2065643807870378,0.036851603190105685,0.13027864583333482
person,0.4015199788411462,0.63818504050926,0.03896972656250076,0.1565928819444458
person,0.500435252229372,0.12700969328703784,0.032390686750410735,0.12353616898148312
person,0.6699286973741329,0.8868156225887358,0.0545044759114603,0.18482554494599013
person,0.9289096260865531,0.14963878038194506,0.040923418839771956,0.12158369502314936
person,0.5300201431910189,0.12737355324074157,0.02093668937682948,0.10530989583333496
person,0.8053661878903708,0.9174269386574074,0.04915197213490844,0.16514612268518522
person,0.949112203160922,0.14652506510416735,0.03003690632184271,0.11517614293981618
person,0.9859919230143229,0.11567190240930675,0.028016153971354166,0.12332785429778016
person,0.5030212931803296,0.04005815061942611,0.02268274633089694,0.08011630123885222
