person,0.5671915690104171,0.12135407624421331,0.02759602864583428,0.11877332899305623
person,0.6722563001844618,0.03949022834683799,0.022618611653645832,0.07898045669367598
person,0.949804789225261,0.5176157442728692,0.043984171549480304,0.16569445150869594
person,0.7302290860811865,0.07859917534722341,0.01973958492278977,0.12443648726852088
person,0.6620924886067712,0.7568567346643519,0.04643636067708409,0.13536060474537037
person,0.24010477701822974,0.959459544994213,0.04294148763020947,0.08108091001157408
person,0.5532510299342009,0.894473064563893,0.04720204591750902,0.1960052809134974
person,0.03674489339192727,0.16845974392361196,0.03088521321614621,0.11308051215277946
person,0.19168034960826266,0.49615379262853554,0.03382944921652419,0.13800890180799696
person,0.2179435213406876,0.5149190676653832,0.04338622887929186,0.14760036044650507
person,0.23380198160807264,0.48483805303220484,0.02249999999999943,0.11652687284681634
person,0.2477215576171877,0.5065257913094987,0.027447916666667044,0.12064381352177374
person,0.5897618102033936,0.0454246238425926,0.015044657190640957,0.07083514178240741
person,0.9861193837722141,0.29226827739197536,0.027760414679844796,0.12410542052469138
person,0.547510274251302,0.20786729600694495,0.023346964518229166,0.11445059317129731
person,0.7658305867513027,0.055046296296296975,0.02498799641927197,0.11009259259259395
person,0.3845020039876303,0.28863624855324127,0.02875640869140644,0.1505978732638899
person,0.6625047812859217,0.18536648220486113,0.02962259968121733,0.1278781467013889
person,0.407169087827206,0.06617693865740774,0.02668192565441056,0.09768410011574141
person,0.4977148437500006,0.47250642070063925,0.03538635253906364,0.1550797540170185
person,0.11296824137369867,0.20800537109375067,0.036851603190105685,0.13010036892361246
person,0.4015715535481775,0.6356443504050933,0.03896972656250076,0.15769278067129766
person,0.5002912194530164,0.12815619574652862,0.03224849522113686,0.1228542751736128
person,0.6648195699055999,0.8818299696180568,0.053970804850262274,0.18346969039352087
person,0.9277221159140273,0.14839147497106533,0.039662981828053036,0.12121871383101954
person,0.5301516739527377,0.12905255353009326,0.020936689376829538,0.10552264178240876
person,0.805873478651047,0.9144341362847223,0.04888583262761491,0.17113172743055557
person,0.9478811647494637,0.14537742332175993,0.02919982949892604,0.11517614293981616
person,0.9855331420898438,0.11420610555013076,0.0289337158203125,0.12284399640118746
person,0.5034058349047389,0.040874055327561803,0.02245561977227529,0.08174811065512361
