person,0.5663129475911461,0.11967109736689863,0.027353271484375694,0.11932447193287132
person,0.9499349975585943,0.5230509291754842,0.04424458821614697,0.16637963612874082
person,0.7301692716280614,0.07931069155092718,0.01973958492278977,0.12465581597222472
person,0.6629195149739587,0.7566634114583344,0.04643636067708409,0.11000651041666869
person,0.5529564710458108,0.9035185114542653,0.047791197299955,0.19296294883445256
person,0.03678672281901053,0.1692520616319455,0.03050988769531273,0.11282921006944653
person,0.1915709541440012,0.4959887888873069,0.03404815828800167,0.139619721871836
person,0.21778731218973735,0.5150471420288093,0.04369881057739142,0.1473442117196528
person,0.2337290242513017,0.4864586043887679,0.022645833333332543,0.11754531930994275
person,0.2477215576171877,0.5068414730495884,0.027447916666667044,0.12127503232602774
person,0.5888436583081884,0.04535409432870371,0.01641660535335537,0.07083514178240741
person,0.5470260620117188,0.2052556785300929,0.023346964518229166,0.11500716145833395
person,0.7645354207356777,0.05415740740740822,0.02498799641927197,0.10831481481481645
person,0.3845871887207032,0.2840890118634264,0.029356872558594028,0.15017382812500085
person,0.6630196738640465,0.18125316478587963,0.02962259968121733,0.1270307074652778
person,0.4107554731170342,0.06677191840277812,0.027542196234066195,0.09768410011574141
person,0.49812805175781305,0.4772497291564953,0.03538635253906364,0.1528153581972492
person,0.11150502522786535,0.21088735170717648,0.036851603190105685,0.12974381510416777
person,0.40167470296224,0.63056297019676,0.03896972656250076,0.1598925781250014
person,0.5000031539003049,0.13044920066551016,0.031964112162589056,0.1214904875578722
person,0.6546013149685338,0.8718586636766986,0.05290346272786621,0.1807579812885824
person,0.9253470955689753,0.14589686414930586,0.03714210780461518,0.12048875144675988
person,0.5304147354761751,0.1324105541087967,0.020936689376829538,0.10594813368055638
person,0.8068880601723993,0.9084485315393519,0.04835355361302784,0.18310293692129626
person,0.9454190879265473,0.14308213975694514,0.02752567585309258,0.11517614293981616
person,0.9846155802408854,0.11127451183177882,0.030768839518229167,0.12187628060800207
person,0.5041749183535577,0.04250586474383319,0.022001366655031992,0.08501172948766637
