person,0.5658736368815108,0.11882960792824128,0.027231892903646464,0.11960004340277886
person,0.950000101725261,0.5257685216267918,0.0443747965494803,0.1667222284387632
person,0.7301393644014991,0.07966644965277905,0.01973958492278977,0.12476548032407664
person,0.6643709313869484,0.7564829289471652,0.043533529440560416,0.09425926067210808
person,0.5528090947204157,0.9054166619571647,0.04808577299117858,0.1891666572476592
person,0.03680763753255216,0.16964822048611225,0.03032222493489598,0.11270355902778008
person,0.19151625641187042,0.4959062870166926,0.03415751282374041,0.14042513190375558
person,0.21770920761426227,0.5151111792105224,0.04385510142644116,0.14721613735622668
person,0.2336925455729162,0.4872688800670494,0.022718749999999083,0.11805454254150592
person,0.2477215576171877,0.5069993139196332,0.027447916666667044,0.12159064172815474
person,0.5883845823605858,0.04531882957175926,0.017102579434712575,0.07083514178240741
person,0.5467839558919271,0.20394986979166688,0.023346964518229166,0.11528544560185226
person,0.7638878377278651,0.05371296296296384,0.02498799641927197,0.10742592592592767
person,0.3846297810872398,0.2818153935185189,0.02965710449218779,0.14996180555555638
person,0.6632771201531089,0.1791965060763889,0.02962259968121733,0.1266069878472222
person,0.4125486657619482,0.0670694082754633,0.027972331523894074,0.09768410011574141
person,0.4983346557617193,0.4796213833844231,0.03538635253906364,0.15168316028736462
person,0.11077341715494866,0.21232834201388934,0.036851603190105685,0.12956553819444536
person,0.40172627766927116,0.6280222800925933,0.03896972656250076,0.16099247685185317
person,0.49985912112394926,0.13159570312500096,0.03182192063331512,0.12080859375000189
person,0.6494921875000007,0.8668730107060195,0.052369791666668185,0.17940212673611314
person,0.9241595853964494,0.14464955873842614,0.03588167079289638,0.12012377025463003
person,0.5305462662378939,0.13408955439814843,0.020936689376829538,0.10616087962963017
person,0.8073953509330756,0.9054557291666667,0.048087414105734416,0.18908854166666672
person,0.9441880495150888,0.14193449797453772,0.02668859903017579,0.11517614293981616
person,0.9837264510989191,0.10980826286033453,0.030825908382733285,0.12139242271140979
person,0.5045598088502885,0.04370550367567308,0.021774240096410342,0.0858762369038153
