person,0.5654343261718753,0.11798811848958395,0.02711051432291723,0.1198756148726864
person,0.9500652058919277,0.5284861140780993,0.044505004882813635,0.1670648207487857
person,0.7301094571749366,0.08002220775463095,0.01973958492278977,0.12487514467592854
person,0.6655477794957543,0.7625628742170917,0.042970830258867686,0.0995675404866526
person,0.5526617183950204,0.9073148124600643,0.048380348682401986,0.18537036566086612
person,0.03682855224609379,0.17004437934027902,0.03013456217447924,0.11257790798611361
person,0.19146155867973969,0.4958237851460783,0.034266867359479154,0.14123054193567514
person,0.21763110303878713,0.5151752163922355,0.04401139227549094,0.14708806299280058
person,0.23365606689453072,0.488079155745331,0.022791666666665624,0.11856376577306915
person,0.2477215576171877,0.5071571547896782,0.027447916666667044,0.1219062511302818
person,0.5879255064129831,0.04528356481481482,0.017788553516069783,0.07083514178240741
person,0.5465418497721354,0.20264406105324084,0.023346964518229166,0.11556372974537057
person,0.7632402547200526,0.053268518518519464,0.02498799641927197,0.10653703703703893
person,0.38467237345377625,0.2795417751736115,0.029957336425781553,0.14974978298611183
person,0.6635345664421713,0.17713984736689817,0.02962259968121733,0.12618326822916665
person,0.41434185840686233,0.06736689814814849,0.028402466813721893,0.09768410011574141
person,0.4985412597656256,0.4819930376123511,0.03538635253906364,0.1505509623774799
person,0.110041809082032,0.21376933232060225,0.036851603190105685,0.12938726128472303
person,0.4017778523763024,0.6254815899884266,0.03896972656250076,0.16209237557870504
person,0.49971508834759354,0.13274220558449173,0.03167972910404118,0.1201266999421316
person,0.6474782001574839,0.8613932291666677,0.05099277726809307,0.17860243055555766
person,0.9229720752239233,0.1434022533275464,0.03462123378117745,0.1197587890625002
person,0.5306777969996126,0.13576855468750015,0.02093668937682948,0.10637362557870399
person,0.8079026416937516,0.9024629267939815,0.047821274598440884,0.19507414641203707
person,0.9429570111036305,0.14078685619213033,0.025851522207259,0.11517614293981618
person,0.9828373219569527,0.10834201388889024,0.0308829772472374,0.12090856481481752
person,0.5049446993470194,0.04490514260751297,0.021547113537788695,0.08674074431996423
