person,0.5649950154622397,0.1171466290509266,0.026989135742187878,0.12015118634259395
person,0.9501303100585943,0.5312037065294067,0.04463521321614697,0.16740741305880807
person,0.7300795499483741,0.08037796585648284,0.01973958492278977,0.12498480902778047
person,0.6667246276045603,0.7686428194870183,0.04240813107717519,0.10487582030119691
person,0.5525143420696252,0.9092129629629637,0.04867492437362557,0.18157407407407272
person,0.03684946695963542,0.1704405381944458,0.0299468994140625,0.11245225694444715
person,0.19140686094760895,0.495741283275464,0.0343762218952179,0.1420359519675946
person,0.21755299846331203,0.5152392535739485,0.04416768312454072,0.14695998862937443
person,0.23361958821614526,0.48888943142361246,0.022864583333332196,0.11907298900463233
person,0.2477215576171877,0.5073149956597229,0.027447916666667044,0.12222186053240876
person,0.5874664304653805,0.04524830005787037,0.018474527597426987,0.07083514178240741
person,0.5462997436523438,0.20133825231481484,0.023346964518229166,0.11584201388888889
person,0.7625926717122401,0.052824074074075085,0.02498799641927197,0.10564814814815017
person,0.38471496582031267,0.27726815682870404,0.03025756835937538,0.14953776041666736
person,0.6637920127312337,0.1750831886574074,0.02962259968121733,0.1257595486111111
person,0.41613505105177634,0.06766438802083367,0.028832602103549713,0.09768410011574141
person,0.4987478637695318,0.48436469184027914,0.03538635253906364,0.1494187644675953
person,0.10931020100911534,0.21521032262731515,0.036851603190105685,0.12920898437500067
person,0.4018294270833337,0.6229408998842599,0.03896972656250076,0.1631922743055569
person,0.4995710555712378,0.1338887080439825,0.03153753757476731,0.11944480613426128
person,0.6454642128149674,0.8559134476273158,0.049615762869517965,0.177802734375002
person,0.9217845650513974,0.14215494791666666,0.03336079676945852,0.11939380787037038
person,0.5308093277613314,0.13744755497685185,0.020936689376829538,0.10658637152777778
person,0.8084099324544278,0.8994701244212964,0.04755513509114735,0.2010597511574074
person,0.9417259726921723,0.1396392144097229,0.02501444538434233,0.11517614293981616
person,0.9824072275559104,0.10732204861111247,0.0308829772472374,0.12090856481481752
person,0.5053295898437502,0.046104781539352865,0.021319986979167045,0.08760525173611314
