person,0.5644769490559899,0.1142777054398155,0.027108601888021392,0.12015118634259395
person,0.9511901447772984,0.5359000311957479,0.04544221989313849,0.1656814281322322
person,0.7299700324535368,0.08037796585648284,0.019958619594573315,0.12498480902778047
person,0.669077849104291,0.7827777784842039,0.04128273271379044,0.11944444585729394
person,0.5528730661074317,0.9151803385416672,0.049058957735696455,0.16963932291666564
person,0.03680840047200529,0.17052611379270324,0.030008199055989733,0.11228110490022118
person,0.191357320745786,0.49556514033564913,0.0343762218952179,0.14203595196759455
person,0.21761444862683543,0.5152392391063558,0.04404478267033746,0.14695998862937443
person,0.23339432779947866,0.48927721715856604,0.023210978190103166,0.11853815827546557
person,0.24771158854166686,0.5075097656250007,0.027447916666667044,0.12222186053240876
person,0.5875564777453741,0.04526327401620384,0.017467122157414274,0.07072403067129657
person,0.5471961468458175,0.19832826967592596,0.0229486087958018,0.11584201388888889
person,0.7614396769205736,0.051779333043982495,0.02463431803385525,0.10355866608796499
person,0.38581884757677737,0.2719770688657412,0.030633137861887743,0.1474162326388897
person,0.6640709433952962,0.1706954571759262,0.02962259968121733,0.12520167824074127
person,0.41947054107983983,0.06720572916666713,0.0276910821596766,0.09740625000000094
person,0.4990949503580735,0.4916367187500011,0.03538635253906364,0.15180063657407622
person,0.10831864420572988,0.21852557146990778,0.03630281575520978,0.1292089843750007
person,0.40202758789062537,0.6162427662037044,0.03896972656250076,0.1631922743055569
person,0.5001089178323741,0.13700792100694548,0.03180068071683154,0.12024341724537241
person,0.6414362381299339,0.8449538845486121,0.04686173407236763,0.17620334201389093
person,0.9183143908977512,0.14043156828703712,0.03336079676945852,0.1197664930555557
person,0.5307139094670605,0.14044542100694443,0.02093668937682948,0.1068869357638889
person,0.8085340372721361,0.8869520399305556,0.04755513509114735,0.19776258680555564
person,0.9377334189812346,0.13691894531250068,0.02501444538434233,0.11517614293981616
person,0.9799094859759011,0.10597356047453813,0.031402956326801734,0.1216801938657429
person,0.953469780087471,0.11178100020797165,0.02067043582598368,0.1196268152307581
person,0.5054110512733461,0.0483006004050936,0.022392415046692035,0.08760525173611314
