person,0.5639588826497399,0.11140878182870438,0.027228068033855024,0.12015118634259395
person,0.9522499794960024,0.5405963558620891,0.0462492265701299,0.1639554432056563
person,0.7298605149586994,0.08037796585648284,0.020177654266356863,0.12498480902778047
person,0.671431613138743,0.8175352647569458,0.040157334350402606,0.15437391493055824
person,0.553231790145238,0.9211477141203708,0.049442991097767335,0.15770457175925845
person,0.03676733398437515,0.17061168939096072,0.030069498697916967,0.11210995285599523
person,0.1913077805439631,0.49538899739583436,0.0343762218952179,0.1420359519675946
person,0.21767589879035884,0.5152392246387633,0.04392188221613423,0.14695998862937448
person,0.23316906738281204,0.4896650028935199,0.023557373046874077,0.11800332754629887
person,0.24770161946614602,0.5077045355902785,0.027447916666667044,0.12222186053240881
person,0.5876465250253681,0.04527824797453731,0.01645971671740168,0.07061291956018573
person,0.5480925500392914,0.19531828703703707,0.02255025307337443,0.11584201388888891
person,0.7602866821289067,0.0507345920138899,0.024280639648438414,0.1014691840277798
person,0.38692272933324207,0.2666859809027783,0.031008707364400163,0.14529470486111207
person,0.6643498740593586,0.166307725694445,0.02962259968121733,0.12464380787037144
person,0.42280603110790327,0.0667470703125006,0.02654956221580355,0.09712839988426047
person,0.49944203694661515,0.498908745659723,0.03538635253906364,0.15418250868055716
person,0.10732708740234444,0.22184082031250033,0.03575402832031386,0.12920898437500067
person,0.402225748697917,0.6095446325231488,0.03896972656250076,0.1631922743055569
person,0.5006467800935104,0.14012713396990845,0.03206382385889584,0.1210420283564835
person,0.6374082634449003,0.8339943214699085,0.044107705275217415,0.17460394965277978
person,0.9148442167441052,0.13870818865740756,0.03336079676945852,0.12013917824074101
person,0.5306184911727898,0.14344328703703704,0.020936689376829538,0.10718750000000002
person,0.8086581420898445,0.8744339554398148,0.04755513509114735,0.19446542245370377
person,0.9337408652702969,0.13419867621527848,0.02501444538434233,0.11517614293981618
person,0.9774117443958917,0.10462507233796378,0.03192293540636607,0.12245182291666828
person,0.9511590653657914,0.10760636647542351,0.02084545413653037,0.11778073063603221
person,0.5054925127029422,0.05049641927083435,0.023464843114217083,0.08760525173611314
