person,0.563699849446615,0.10997432002314883,0.02728780110677178,0.12015118634259395
person,0.9527798968553545,0.5429445181952596,0.046652729908625665,0.16309245074236836
person,0.7298057562112807,0.08037796585648284,0.020287171602248577,0.12498480902778047
person,0.672609003782272,0.8228029152199084,0.03959463516871058,0.1545793547453724
person,0.5534111521641412,0.9241314019097226,0.049635007778802746,0.1517371961805549
person,0.03674680074056008,0.17065447719008944,0.030100148518880588,0.11202437683388225
person,0.19128301044305165,0.49530092592592695,0.0343762218952179,0.1420359519675946
person,0.2177066238721205,0.5152392174049668,0.04386043198903261,0.14695998862937437
person,0.23305643717447874,0.48985889576099667,0.023730570475259564,0.11773591218171549
person,0.2476966349283856,0.5078019205729174,0.027447916666667044,0.12222186053240876
person,0.5876915486653649,0.04528573495370404,0.015956013997395265,0.07055736400463031
person,0.5485407516360283,0.1938132957175926,0.022351075212160745,0.11584201388888889
person,0.7597101847330734,0.05021222149884361,0.024103800455730115,0.10042444299768721
person,0.38747467021147436,0.2640404369212968,0.031196492115656345,0.14423394097222325
person,0.6644893393913899,0.1641138599537044,0.02962259968121733,0.12436487268518653
person,0.424473776121935,0.06651774088541734,0.025978802243866995,0.09698947482639024
person,0.499615580240886,0.5025447591145841,0.03538635253906364,0.15537344473379766
person,0.1068313090006517,0.22349844473379665,0.035479634602865906,0.12920898437500067
person,0.40232482910156286,0.606195565682871,0.03896972656250076,0.1631922743055569
person,0.5009157112240785,0.1416867404513899,0.03219539542992796,0.12144133391203907
person,0.6353942761023836,0.8285145399305566,0.0427306908766423,0.1738042534722242
person,0.9131091296672821,0.13784649884259276,0.03336079676945852,0.12032552083333367
person,0.5305707820256543,0.14494222005208335,0.020936689376829538,0.10733778211805556
person,0.8087201944986987,0.8681749131944445,0.04755513509114735,0.1928168402777778
person,0.931744588414828,0.13283854166666734,0.02501444538434233,0.11517614293981616
person,0.98790283203125,0.17467070685492622,0.0241943359375,0.12632347389503762
person,0.9761628736058872,0.10395082826967661,0.032182924946148245,0.12283763744213098
person,0.9500037080049516,0.10551904960914946,0.020932963291803712,0.11685768833866927
person,0.5055332434177402,0.051594328703704714,0.024001057147979548,0.08760525173611314
