person,0.5634408162434902,0.10853985821759328,0.027347534179688538,0.12015118634259395
person,0.9533098142147066,0.5452926805284302,0.04705623324712142,0.1622294582790804
person,0.7297509974638621,0.08037796585648284,0.02039668893814029,0.12498480902778047
person,0.672394908865293,0.8295524992766214,0.04181435386339842,0.15774685329861313
person,0.5535905141830443,0.9271150896990744,0.04982702445983816,0.14576982060185134
person,0.03672626749674502,0.17069726498921817,0.03013079833984421,0.11193880081176925
person,0.1912582403421402,0.49521285445601954,0.0343762218952179,0.1420359519675946
person,0.2177373489538822,0.5152392101711705,0.043798981761931,0.14695998862937437
person,0.23294380696614544,0.49005278862847346,0.02390376790364505,0.11746849681713212
person,0.24769165039062518,0.5078993055555562,0.027447916666667044,0.1222218605324087
person,0.5877365723053617,0.045293221932870775,0.01545231127738885,0.07050180844907487
person,0.5489889532327652,0.19230830439814814,0.022151897350947063,0.11584201388888887
person,0.7591336873372401,0.04968985098379731,0.023926961263021813,0.09937970196759462
person,0.3880266110897067,0.2613948929398153,0.031384276866912524,0.1431731770833344
person,0.6646288047234211,0.16191999421296377,0.02962259968121733,0.12408593750000163
person,0.42614152113596676,0.06628841145833408,0.02540804227193044,0.09685054976852
person,0.4997891235351568,0.506180772569445,0.03538635253906364,0.15656438078703813
person,0.10633553059895896,0.22515606915509295,0.03520524088541796,0.12920898437500067
person,0.40242390950520873,0.6028464988425932,0.03896972656250076,0.1631922743055569
person,0.5011846423546467,0.1432463469328714,0.03232696700096008,0.12184063946759463
person,0.6333802887598668,0.8230347583912048,0.04135367647806708,0.17300455729166875
person,0.9113740425904591,0.136984809027778,0.03336079676945852,0.12051186342592633
person,0.5305230728785189,0.14644115306712965,0.020936689376829538,0.1074880642361111
person,0.8087822469075528,0.8619158709490741,0.04755513509114735,0.19116825810185178
person,0.9297483115593591,0.13147840711805622,0.02501444538434233,0.11517614293981615
person,0.9877389526367187,0.17356971797236703,0.024522094726562454,0.1270591408058452
person,0.9749140028158826,0.10327658420138944,0.03244291448593041,0.12322345196759367
person,0.9488483506441118,0.10343173274287538,0.021020472447077054,0.11593464604130632
person,0.5055739741325381,0.05269223813657509,0.02453727118174201,0.08760525173611314
