person,0.5631817830403651,0.10710539641203773,0.027407267252605293,0.12015118634259395
person,0.9538397315740585,0.5476408428616008,0.04745973658561719,0.16136646581579248
person,0.7296962387164434,0.08037796585648284,0.020506206274032122,0.12498480902778047
person,0.672180813948314,0.8363020833333343,0.04403407255808626,0.16091435185185388
person,0.5537698762019475,0.9300987774884262,0.05001904114087363,0.1398024450231478
person,0.03670573425292996,0.1707400527883469,0.03016144816080782,0.11185322478965629
person,0.19123347024122872,0.4951247829861121,0.0343762218952179,0.14203595196759455
person,0.2177680740356439,0.5152392029373741,0.04373753153482936,0.14695998862937443
person,0.23283117675781212,0.49024668149595024,0.024076965332030534,0.11720108145254873
person,0.24768666585286478,0.5079966905381952,0.027447916666667044,0.12222186053240876
person,0.5877815959453585,0.04530070891203751,0.014948608557382552,0.07044625289351947
person,0.5494371548295021,0.1908033130787037,0.021952719489733378,0.11584201388888889
person,0.7585571899414068,0.04916748046875101,0.023750122070313396,0.09833496093750202
person,0.38857855196793906,0.25874934895833396,0.03157206161816871,0.1421124131944456
person,0.6647682700554524,0.15972612847222317,0.02962259968121733,0.1238070023148167
person,0.4278092661499984,0.0660590820312508,0.024837282299993883,0.09671162471064976
person,0.49996266682942764,0.5098167860243059,0.03538635253906364,0.15775531684027858
person,0.10583975219726625,0.22681369357638925,0.03493084716797001,0.1292089843750007
person,0.40252298990885454,0.5994974320023155,0.03896972656250076,0.1631922743055569
person,0.5014535734852149,0.14480595341435287,0.0324585385719922,0.12223994502315018
person,0.6313663014173502,0.8175549768518529,0.039976662079491965,0.17220486111111316
person,0.9096389555136359,0.13612311921296322,0.03336079676945852,0.120698206018519
person,0.5304753637313835,0.14794008608217593,0.02093668937682948,0.10763834635416668
person,0.808844299316407,0.8556568287037037,0.04755513509114735,0.18951967592592603
person,0.9277520347038902,0.13011827256944514,0.02501444538434233,0.11517614293981616
person,0.9875750732421875,0.17246872908980787,0.024849853515625023,0.12779480771665272
person,0.9736651320258779,0.10260234013310227,0.032702904025712576,0.12360926649305637
person,0.9476929932832721,0.10134441587660133,0.021107981602350397,0.11501160374394338
person,0.5056147048473361,0.05379014756944545,0.025073485215504534,0.08760525173611314
