person,0.5629227498372402,0.10567093460648215,0.02746700032552217,0.12015118634259395
person,0.9543696489334106,0.5499890051947713,0.04786323992411283,0.1605034733525045
person,0.7296414799690247,0.08037796585648284,0.020615723609923836,0.12498480902778047
person,0.6730488725503292,0.8393475115740752,0.04408968846003347,0.15667534722222426
person,0.5539492382208506,0.9330824652777779,0.050211057821909044,0.13383506944444415
person,0.03668520100911488,0.17078284058747564,0.03019209798177144,0.11176764876754332
person,0.1912087001403173,0.49503671151620476,0.0343762218952179,0.14203595196759466
person,0.2177987991174056,0.5152391957035778,0.043676081307727765,0.14695998862937443
person,0.23271854654947882,0.49044057436342725,0.02425016276041596,0.11693366608796542
person,0.24768168131510435,0.508094075520834,0.027447916666667044,0.12222186053240876
person,0.5878266195853555,0.045308195891204245,0.014444905837376254,0.07039069733796405
person,0.549885356426239,0.18929832175925926,0.021753541628519692,0.11584201388888889
person,0.7579806925455732,0.04864510995370472,0.023573282877604976,0.09729021990740944
person,0.3891304928461714,0.2561038049768524,0.03175984636942495,0.14105164930555678
person,0.6649077353874837,0.15753226273148255,0.02962259968121733,0.1235280671296318
person,0.4294770111640302,0.06582975260416755,0.024266522328057386,0.09657269965277954
person,0.5001362101236985,0.513452799479167,0.03538635253906364,0.15894625289351907
person,0.10534397379557352,0.2284713179976855,0.03465645345052204,0.12920898437500064
person,0.40262207031250036,0.5961483651620377,0.03896972656250076,0.1631922743055569
person,0.5017225046157829,0.14636555989583436,0.032590110143024376,0.12263925057870571
person,0.6293523140748334,0.812075195312501,0.03859964768091686,0.17140516493055757
person,0.9079038684368129,0.13526142939814842,0.03336079676945852,0.12088454861111166
person,0.5304276545842481,0.14943901909722224,0.020936689376829597,0.10778862847222222
person,0.8089063517252612,0.8493977864583334,0.04755513509114735,0.1878710937499999
person,0.9257557578484213,0.128758138020834,0.02501444538434233,0.11517614293981616
person,0.9874111938476562,0.17136774020724868,0.025177612304687475,0.1285304746274603
person,0.9724162612358732,0.1019280960648151,0.03296289356549475,0.12399508101851907
person,0.9465376359224322,0.09925709901032725,0.02119549075762374,0.11408856144658044
person,0.5056554355621342,0.05488805700231583,0.025609699249267058,0.08760525173611314
