person,0.5626637166341152,0.1042364728009266,0.027526733398438925,0.12015118634259395
person,0.9548995662927626,0.5523371675279419,0.048266743262608595,0.1596404808892166
person,0.7295867212216061,0.08037796585648284,0.02072524094581567,0.12498480902778047
person,0.6739169311523445,0.8423929398148159,0.044145304361980685,0.15243634259259461
person,0.5541286002397539,0.9360661530671297,0.05040307450294451,0.1278676938657406
person,0.03666466776529982,0.17082562838660437,0.030222747802735053,0.11168207274543034
person,0.1911839300394058,0.49494864004629735,0.0343762218952179,0.1420359519675946
person,0.21782952419916732,0.5152391884697815,0.043614631080626125,0.14695998862937443
person,0.23260591634114552,0.49063446723090404,0.024423360188801445,0.11666625072338203
person,0.24767669677734394,0.508191460503473,0.027447916666667044,0.12222186053240881
person,0.5878716432253523,0.04531568287037098,0.013941203117369957,0.07033514178240863
person,0.5503335580229759,0.18779333043981483,0.02155436376730601,0.11584201388888891
person,0.7574041951497399,0.04812273943865842,0.02339644368489656,0.09624547887731684
person,0.38968243372440375,0.25345826099537105,0.03194763112068113,0.13999088541666796
person,0.665047200719515,0.15533839699074195,0.02962259968121733,0.12324913194444687
person,0.4311447561780619,0.06560042317708428,0.02369576235612083,0.0964337745949093
person,0.5003097534179693,0.5170888129340279,0.03538635253906364,0.16013718894675952
person,0.1048481953938808,0.23012894241898182,0.03438205973307409,0.12920898437500067
person,0.40272115071614617,0.59279929832176,0.03896972656250076,0.1631922743055569
person,0.5019914357463512,0.14792516637731584,0.0327216817140565,0.12303855613426128
person,0.6268393543958658,0.8082356228298622,0.03942638945579399,0.17162134693287245
person,0.9061687813599898,0.13439973958333365,0.03336079676945852,0.12107089120370432
person,0.5303799454371128,0.15093795211226851,0.020936689376829538,0.1079389105902778
person,0.8089684041341153,0.843138744212963,0.04755513509114735,0.18622251157407405
person,0.9237594809929526,0.1273980034722229,0.02501444538434233,0.11517614293981618
person,0.987247314453125,0.1702667513246895,0.02550537109375005,0.12926614153826788
person,0.9711673904458686,0.10125385199652792,0.033222883105276914,0.12438089554398175
person,0.9453822785615924,0.0971697821440532,0.02128299991289708,0.11316551914921749
person,0.5056961662769321,0.0559859664351862,0.026145913283029582,0.08760525173611314
