person,0.599757743120193,0.8188793397126385,0.04699497842788591,0.19375983683268444
person,0.7024999595483149,0.738518899423106,0.04170833381016905,0.16477738217954477
person,0.8073114117781325,0.6059907407407412,0.04179404751459816,0.1604259259259252
person,0.6139660256041422,0.45577953800154425,0.03346861804856213,0.13335450424382916
person,0.37064357384045854,0.5535462601273156,0.03541149663925047,0.16372229456018667
person,0.0703979593912762,0.8527664933381257,0.05374595133463571,0.16568923667625146
person,0.40914595594008824,0.3997019675925914,0.029989340265591007,0.1422084780092569
person,0.7985962015787768,0.4583083298294622,0.038234476725261854,0.15543321058485027
person,0.9582141062815985,0.24117483181423624,0.03302061978975968,0.12290196397569465
person,0.9125675808787344,0.25592129629629673,0.03306118714809377,0.13517592592592675
person,0.9208841202060384,0.1587507201300721,0.03170464177926367,0.10085611329255159
person,0.8902160883347194,0.09552984605012238,0.028182176669438518,0.12112985992431884
person,0.8579853832920384,0.07232459852430684,0.020299379865327084,0.10435080295139146
person,0.7297734769185382,0.10268850241767065,0.01969351959228464,0.12282832138626604
person,0.6352561238606775,0.128907552648474,0.023373168945313338,0.11955526733398478
person,0.6202792558272684,0.1491864149305561,0.025159016211826687,0.11777531828703812
person,0.49681770769755057,0.2702851562500001,0.03051041539510114,0.12957928240740765
person,0.5820070804357533,0.12527835591634018,0.022371338605879268,0.10084895720305077
person,0.3795622154871618,0.219518879078053,0.02849943097432366,0.13114886926721603
person,0.31570733606815304,0.3627438620108152,0.035252359310785346,0.12768426626700063
person,0.31177779236435926,0.26685201461226793,0.026029543062051807,0.09020287181712842
person,0.4250141806602479,0.11114944062409551,0.016679972648620735,0.12292966828522804
person,0.45130118815104175,0.11255243513319228,0.02200016276041694,0.1214416758219401
person,0.532227925439676,0.19609353411639152,0.026658894499141775,0.1312191862883386
person,0.49101204427083345,0.1017225844771784,0.018184244791666516,0.1114437221950943
person,0.16216227213541667,0.0492541865596077,0.025675455729166668,0.0985083731192154
person,0.05864960230886936,0.16901007687603986,0.025125335802634548,0.10998955479374638
person,0.13865075135230995,0.5708517077410674,0.04121711142857823,0.161370660852505
person,0.19196236165364655,0.5177462926793982,0.03313777669270982,0.13884074797453716
person,0.21480957031250072,0.5395603324042436,0.03789184570312652,0.1474558065908945
person,0.229507141113282,0.5000092760721843,0.022027384440105695,0.11170366499159078
person,0.24992644759019234,0.5285045030381944,0.026599111000697145,0.12268066406249996
person,0.6853440761566164,0.046427815755209684,0.019521811167399386,0.09285563151041937
person,0.6646268262068431,0.07314250783567197,0.014810699939727811,0.06737731891208468
person,0.8393270991245906,0.07445401862815575,0.020830915371576945,0.0990031616776078
person,0.9520232743819548,0.6211152162905104,0.04885937428474314,0.17197327112268723
person,0.7277698854605357,0.028794799380832247,0.02127768596013387,0.057589598761664494
person,0.48568999226888093,0.03715408113267687,0.019651265462240986,0.07430816226535374
