person,0.5624046834309904,0.10280201099537105,0.02758646647135568,0.12015118634259395
person,0.9554294836521147,0.5546853298611125,0.048670246601104354,0.15877748842592862
person,0.7295319624741874,0.08037796585648284,0.020834758281707385,0.12498480902778047
person,0.6746807099382086,0.84657285337095,0.043992360631625614,0.15046540436921482
person,0.554307962258657,0.9390498408564815,0.05059509118397992,0.12190031828703704
person,0.03664413452148475,0.1708684161857331,0.030253397623698674,0.11159649672331735
person,0.19115915993849436,0.49486056857638994,0.0343762218952179,0.1420359519675946
person,0.21786024928092898,0.5152391812359852,0.04355318085352451,0.14695998862937443
person,0.2324932861328122,0.4908283600983808,0.02459655761718693,0.11639883535879866
person,0.2476717122395835,0.5082888454861118,0.027447916666667044,0.12222186053240876
person,0.5879166668653492,0.045323169849537714,0.013437500397363541,0.07027958622685321
person,0.5507817596197129,0.18628833912037038,0.021355185906092325,0.11584201388888889
person,0.7568276977539066,0.04760036892361212,0.023219604492188257,0.09520073784722424
person,0.3902343746026361,0.2508127170138896,0.032135415871937315,0.13893012152777914
person,0.6651866660515462,0.15314453125000135,0.02962259968121733,0.12297019675926196
person,0.43281250119209363,0.06537109375000101,0.023125002384184273,0.09629484953703907
person,0.5004832967122401,0.520724826388889,0.03538635253906364,0.16132812500000002
person,0.10435241699218807,0.23178656684027812,0.034107666015626134,0.12920898437500067
person,0.40282023111979204,0.5894502314814821,0.03896972656250076,0.1631922743055569
person,0.5022603668769193,0.1494847728587973,0.03285325328508861,0.12343786168981684
person,0.6243263947168981,0.8043960503472234,0.04025313123067124,0.17183752893518736
person,0.9044336942831668,0.13353804976851885,0.03336079676945852,0.12125723379629698
person,0.5303322362899773,0.15243688512731482,0.020936689376829538,0.10808919270833334
person,0.8090304565429695,0.8368797019675926,0.04755513509114735,0.18457392939814815
person,0.9217632041374837,0.1260378689236118,0.02501444538434233,0.11517614293981616
person,0.9870834350585938,0.1691657624421303,0.0258331298828125,0.13000180844907544
person,0.969918519655864,0.10057960792824075,0.033482872645059086,0.12476671006944445
person,0.9442269212007526,0.09508246527777912,0.021370509068170424,0.11224247685185455
person,0.5057368969917301,0.05708387586805657,0.026682127316792047,0.08760525173611314
