person,0.5621423950195319,0.10116572627314882,0.02744437662760563,0.11981119791666801
person,0.9561180619398751,0.5585743634259273,0.048670246601104354,0.1601290509259286
person,0.7295200199286145,0.08052680121527914,0.020834758281707385,0.12498480902778047
person,0.6754444887240728,0.8507527669270842,0.04383941690127055,0.14849446614583503
person,0.5541882825692497,0.9420182291666668,0.05052793232599863,0.1159635416666667
person,0.03662360127766969,0.17091120398486181,0.030284047444662295,0.11151092070120436
person,0.1911343898375829,0.49477249710648247,0.0343762218952179,0.1420359519675946
person,0.21789097436269067,0.5152391740021889,0.04349173062642289,0.14695998862937448
person,0.2323806559244789,0.4910222529658576,0.02476975504557242,0.11613141999421528
person,0.2476667277018231,0.5083862304687506,0.027447916666667044,0.1222218605324087
person,0.5878697511553769,0.04498994502314889,0.013343831737835642,0.07000159143518668
person,0.5509490976730982,0.18469437210648149,0.021355185906092325,0.11584201388888889
person,0.7562193976508249,0.04565758222415247,0.023364766438802795,0.09131516444830494
person,0.39032922329505315,0.24956096281828768,0.03165856866041737,0.1393595558449087
person,0.6657187909285223,0.15129588035301048,0.029251506010690303,0.12263046151620614
person,0.4337037467360504,0.06517975983796397,0.02265749347209785,0.09629484953703907
person,0.5006728515625005,0.5247020399305556,0.03590319824218854,0.16224406828703722
person,0.10410168457031309,0.2335080475983801,0.03468204752604285,0.12950632957176014
person,0.4030440266927087,0.5854574652777784,0.03896972656250076,0.1620611255787049
person,0.5018059194684021,0.15138541666666766,0.03323606582482513,0.12413657407407602
person,0.6218134350379304,0.8005564778645845,0.04107987300554837,0.17205371093750224
person,0.9021096587578449,0.13261948408903917,0.033836301565168724,0.12089109491418942
person,0.5302361973921451,0.153986400462963,0.02100909725824849,0.10863831018518527
person,0.8095881144205737,0.8317370515046297,0.04755513509114735,0.18332219328703708
person,0.9200777182976398,0.12516655815972288,0.02501444538434233,0.11517614293981616
person,0.9861849466959636,0.16595997033295876,0.027630106608072916,0.12849672741360202
person,0.9692505916357046,0.09932996961805556,0.03312618327140697,0.12476671006944445
person,0.9429287237326308,0.09445909288194579,0.02204494746526014,0.11293366608796565
person,0.5064037264982864,0.05879275173611202,0.026043292840321364,0.08928797743055739
