person,0.5618801066080736,0.09952944155092659,0.027302286783855576,0.1194712094907421
person,0.9568066402276355,0.562463396990742,0.048670246601104354,0.16148061342592857
person,0.7295080773830415,0.08067563657407543,0.020834758281707385,0.12498480902778047
person,0.6762082675099369,0.8549326804832184,0.04368647317091548,0.14652352792245524
person,0.5540686028798424,0.9449866174768519,0.05046077346801739,0.11002676504629634
person,0.03660306803385462,0.17095399178399054,0.030314697265625908,0.11142534467909138
person,0.19110961973667143,0.49468442563657505,0.0343762218952179,0.14203595196759455
person,0.2179216994444524,0.5152391667683925,0.04343028039932125,0.14695998862937448
person,0.2322680257161456,0.4912161458333344,0.0249429524739579,0.11586400462963191
person,0.2476617431640627,0.5084836154513896,0.027447916666667044,0.12222186053240876
person,0.5878228354454045,0.044656720196760064,0.013250163078307627,0.06972359664352014
person,0.5511164357264836,0.18310040509259262,0.021355185906092325,0.11584201388888891
person,0.7556110975477432,0.04371479552469282,0.023509928385417093,0.08742959104938564
person,0.3904240719874701,0.24830920862268582,0.03118172144889737,0.13978899016203827
person,0.6662509158054983,0.1494472294560196,0.028880412340163274,0.12229072627315032
person,0.4345949922800071,0.06498842592592693,0.02218998456001143,0.09629484953703907
person,0.5008624064127608,0.5286792534722224,0.03642004394531343,0.16316001157407434
person,0.1038509521484381,0.23522952835648203,0.035256429036459556,0.12980367476851962
person,0.40326782226562535,0.5814646990740747,0.03896972656250076,0.16092997685185295
person,0.501351472059885,0.153286060474538,0.03361887836456159,0.1248352864583352
person,0.6193004753589627,0.7967169053819456,0.041906614780425615,0.17226989293981712
person,0.8997856232325231,0.13170091840955947,0.03431180636087904,0.12052495603208187
person,0.5301401584943128,0.1555359157986112,0.02108150513966732,0.10918742766203716
person,0.8101457722981779,0.8265944010416667,0.04755513509114735,0.18207045717592613
person,0.9183922324577961,0.124295247395834,0.02501444538434233,0.11517614293981615
person,0.9852864583333333,0.1627541782237872,0.029427083333333333,0.12699164637812863
person,0.9685826636155451,0.09808033130787037,0.03276949389775498,0.12476671006944445
person,0.9416305262645089,0.09383572048611247,0.022719385862349856,0.11362485532407678
person,0.5070705560048426,0.060501627604167475,0.02540445836385062,0.09097070312500162
