person,0.5616178181966152,0.09789315682870439,0.027160196940105408,0.11913122106481616
person,0.9574952185153959,0.5663524305555568,0.048670246601104354,0.16283217592592833
person,0.7294961348374686,0.0808244719328717,0.020834758281707385,0.12498480902778047
person,0.676972046295801,0.8591125940393526,0.043533529440560416,0.14455258969907542
person,0.553948923190435,0.9479550057870371,0.05039361461003621,0.10408998842592589
person,0.036582534790039554,0.1709967795831193,0.03034534708658953,0.11133976865697842
person,0.19108484963576,0.49459635416666775,0.0343762218952179,0.14203595196759466
person,0.21795242452621408,0.5152391595345961,0.043368830172219666,0.14695998862937437
person,0.2321553955078123,0.4914100387008114,0.02511614990234333,0.11559658926504858
person,0.24765675862630226,0.5085810004340284,0.027447916666667044,0.12222186053240876
person,0.587775919735432,0.04432349537037125,0.013156494418779729,0.0694456018518536
person,0.551283773779869,0.1815064380787037,0.021355185906092325,0.11584201388888887
person,0.7550027974446616,0.041772008825233166,0.023655090332031628,0.08354401765046633
person,0.3905189206798872,0.2470574544270839,0.03070487423737749,0.1402184244791678
person,0.6667830406824744,0.14759857855902872,0.028509318669636248,0.12195099103009448
person,0.43548623782396384,0.0647970920138899,0.021722475647925066,0.09629484953703907
person,0.5010519612630212,0.532656467013889,0.03693688964843827,0.16407595486111154
person,0.10360021972656312,0.236951009114584,0.035830810546876236,0.13010101996527906
person,0.40349161783854204,0.5774719328703708,0.03896972656250076,0.15979882812500093
person,0.5008970246513678,0.15518670428240833,0.034001690904298165,0.12553399884259445
person,0.6167875156799951,0.7928773328993067,0.04273335655530275,0.172486074942132
person,0.8974615877072014,0.13078235273007977,0.03478731115658924,0.12015881714997437
person,0.5300441195964807,0.15708543113425935,0.021153913021086268,0.1097365451388891
person,0.810703430175782,0.8214517505787039,0.04755513509114735,0.18081872106481497
person,0.9167067466179525,0.12342393663194513,0.02501444538434233,0.11517614293981618
person,0.9843879699707031,0.15954838611461566,0.03122406005859375,0.12548656534265523
person,0.9679147355953857,0.0968306929976852,0.03241280452410287,0.12476671006944445
person,0.940332328796387,0.09321234809027912,0.023393824259439575,0.11431604456018789
person,0.5077373855113988,0.062210503472222935,0.024765623887379875,0.09265342881944587
