person,0.5613555297851569,0.09625687210648216,0.027018107096355354,0.11879123263889024
person,0.9581837968031564,0.5702414641203716,0.048670246601104354,0.16418373842592832
person,0.7294841922918955,0.08097330729166802,0.020834758281707385,0.12498480902778047
person,0.6768979757172715,0.86553935701885,0.0437295103073108,0.1463022383432554
person,0.5538292435010277,0.9509233940972223,0.05032645575205497,0.09815321180555554
person,0.036562001546224486,0.17103956738224801,0.030375996907553143,0.11125419263486544
person,0.19106007953484855,0.49450828269676034,0.0343762218952179,0.1420359519675946
person,0.2179831496079758,0.5152391523007998,0.04330737994511802,0.14695998862937437
person,0.23204276529947898,0.4916039315682882,0.025289347330728813,0.1153291739004652
person,0.24765177408854186,0.5086783854166674,0.027447916666667044,0.12222186053240881
person,0.5877290040254597,0.04399027054398243,0.013062825759251714,0.06916760706018707
person,0.5514511118332545,0.1799124710648148,0.021355185906092325,0.11584201388888889
person,0.7545257059733075,0.04049705222801094,0.023655090332031628,0.08099410445602188
person,0.39061376937230413,0.24580570023148202,0.030228027025857487,0.14064785879629738
person,0.6673151655594505,0.14574992766203784,0.028138224999109222,0.12161125578703866
person,0.4363774833679205,0.06460575810185287,0.021254966735838644,0.09629484953703907
person,0.5012415161132816,0.5366336805555558,0.03745373535156317,0.16499189814814866
person,0.10334948730468814,0.2386724898726859,0.03640519205729295,0.1303983651620385
person,0.4037154134114587,0.5734791666666671,0.03896972656250076,0.158667679398149
person,0.5004425772428507,0.15708734809027866,0.034384503444034625,0.12623271122685362
person,0.6142745560010274,0.7890377604166678,0.043560098330179875,0.17270225694444688
person,0.8951375521818795,0.12986378705060006,0.035262815952299555,0.11979267826786681
person,0.5299480806986484,0.15863494646990756,0.0212263209025051,0.110285662615741
person,0.8112610880533863,0.8163091001157409,0.04755513509114735,0.179566984953704
person,0.9150212607781086,0.12255262586805624,0.02501444538434233,0.11517614293981616
person,0.9834894816080729,0.15634259400544412,0.033021036783854166,0.12398148430718181
person,0.9672468075752262,0.0955810546875,0.03205611515045087,0.12476671006944445
person,0.9390341313282651,0.0925889756944458,0.02406826265652929,0.115007233796299
person,0.508404215017955,0.06391937934027839,0.024126789410909132,0.09433615451389009
