person,0.5610932413736984,0.09462058738425994,0.026876017252605303,0.11845124421296431
person,0.9588723750909167,0.5741304976851864,0.048670246601104354,0.1655353009259283
person,0.7294722497463226,0.08112214265046432,0.020834758281707385,0.12498480902778047
person,0.6768239051387419,0.8719661199983474,0.04392549117406119,0.14805188698743546
person,0.5537095638116204,0.9538917824074075,0.05025929689407368,0.09221643518518519
person,0.036541468302409424,0.17108235518137674,0.03040664672851676,0.11116861661275246
person,0.19103530943393707,0.49442021122685287,0.0343762218952179,0.1420359519675946
person,0.21801387468973749,0.5152391450670034,0.043245929718016406,0.14695998862937443
person,0.23193013509114568,0.49179782443576503,0.0254625447591143,0.11506175853588183
person,0.24764678955078143,0.5087757703993062,0.027447916666667044,0.12222186053240876
person,0.5876820883154873,0.04365704571759361,0.012969157099723816,0.06888961226852054
person,0.5516184498866399,0.17831850405092592,0.021355185906092325,0.11584201388888889
person,0.39070861806472124,0.24455394603588015,0.029751179814337548,0.14107729311342695
person,0.6678472904364265,0.14390127676504696,0.027767131328582193,0.12127152054398284
person,0.43726872891187724,0.06441442418981583,0.02078745782375222,0.09629484953703907
person,0.5014310709635419,0.5406108940972226,0.03797058105468807,0.16590784143518586
person,0.10309875488281316,0.24039397063078788,0.03697957356770966,0.13069571035879798
person,0.40393920898437535,0.5694864004629633,0.03896972656250076,0.15753653067129697
person,0.4999881298343335,0.158987991898149,0.03476731598377114,0.1269314236111128
person,0.6117615963220598,0.7851981879340291,0.044386840105057127,0.17291843894676176
person,0.8928135166565577,0.12894522137112038,0.035738320748009755,0.11942653938575927
person,0.5298520418008161,0.16018446180555573,0.021298728783924047,0.11083478009259293
person,0.8118187459309903,0.811166449652778,0.04755513509114735,0.17831524884259295
person,0.9133357749382649,0.12168131510416734,0.02501444538434233,0.11517614293981616
person,0.9826904296875,0.1536422164351852,0.034619140625,0.12327112268518518
person,0.9665788795550668,0.09433141637731482,0.03169942577679876,0.12476671006944445
person,0.9377359338601432,0.09196560329861246,0.024742701053619004,0.11569842303241011
person,0.5090710445245112,0.06562825520833385,0.02348795493443845,0.09601888020833435
