person,0.5605686645507818,0.09134801793981548,0.0265918375651052,0.11777126736111244
person,0.9602495316664377,0.5819085648148159,0.048670246601104354,0.16823842592592825
person,0.7294483646551767,0.08141981336805691,0.020834758281707385,0.12498480902778047
person,0.6766757639816828,0.8848196459573422,0.04431745290756209,0.15155118427579548
person,0.5534702044328057,0.9598285590277779,0.05012497917811114,0.08034288194444449
person,0.036500401814779294,0.1711679307796342,0.030467946370443994,0.11099746456852648
person,0.19098576923211413,0.49424406828703804,0.0343762218952179,0.14203595196759455
person,0.2180753248532609,0.5152391305994108,0.043123029263813145,0.14695998862937443
person,0.2317048746744791,0.4921856101707186,0.02580893961588527,0.11452692780671507
person,0.24763682047526062,0.508970540364584,0.027447916666667044,0.12222186053240876
person,0.5875882568955426,0.04299059606481596,0.012781819780667902,0.06833362268518749
person,0.5519531259934107,0.17513057002314816,0.021355185906092325,0.11584201388888889
person,0.3908983154495553,0.2420504376446764,0.028797485391297607,0.14193616174768608
person,0.6689115401903787,0.1402039749710652,0.027024943987528142,0.1205920500578712
person,0.4390512199997907,0.06403175636574175,0.019852439999579374,0.09629484953703907
person,0.5018101806640627,0.5485653211805561,0.039004272460937864,0.16773972800926018
person,0.1025972900390632,0.2438369321469918,0.03812833658854308,0.13129040075231693
person,0.4043868001302087,0.5615008680555558,0.03896972656250076,0.155274233217593
person,0.49907923501729917,0.16278927951388966,0.03553294106324412,0.12832884837963116
person,0.6067356769641244,0.7775190429687514,0.046040323654811505,0.17335080295139152
person,0.888165445605914,0.12710809001216097,0.03668933033943027,0.11869426162154416
person,0.5296599640051517,0.16328349247685212,0.02144354454676183,0.11193301504629677
person,0.8129340616861986,0.8008811487268521,0.04755513509114735,0.17581177662037092
person,0.9099648032585773,0.11993869357638956,0.02501444538434233,0.11517614293981615
person,0.9811979166666674,0.15251699942129765,0.03760416666666515,0.12515118634259528
person,0.965243023514748,0.09183213975694444,0.030986047029494656,0.12476671006944445
person,0.9351395389238994,0.0907188585069458,0.026091577847798437,0.11708080150463233
person,0.5104047035376238,0.06904600694444475,0.02221028598149702,0.09938433159722285
