person,0.5603063761393233,0.08971173321759328,0.026449747721355027,0.11743127893518655
person,0.9609381099541979,0.5857975983796307,0.048670246601104354,0.169589988425928
person,0.7294364221096038,0.0815686487268532,0.020834758281707385,0.12498480902778047
person,0.6766016934031532,0.8912464089368396,0.04451343377431248,0.15330083291997543
person,0.5533505247433984,0.962796947337963,0.05005782032012996,0.07440610532407403
person,0.03647986857096422,0.1712107185787629,0.030498596191407615,0.11091188854641353
person,0.1909609991312027,0.4941559968171307,0.0343762218952179,0.14203595196759466
person,0.21810604993502256,0.5152391233656145,0.04306157903671156,0.14695998862937443
person,0.23159224446614576,0.4923795030381956,0.025982137044270697,0.11425951244213174
person,0.24763183593750018,0.5090679253472229,0.027447916666667044,0.12222186053240876
person,0.5875413411855701,0.042657371238427146,0.012688151121140004,0.06805562789352095
person,0.5521204640467962,0.17353660300925927,0.021355185906092325,0.11584201388888889
person,0.3909931641419723,0.24079868344907446,0.028320638179777723,0.1423655960648156
person,0.6694436650673548,0.13835532407407436,0.026653850317001116,0.12025231481481535
person,0.4399424655437474,0.06384042245370472,0.01938493108749301,0.09629484953703907
person,0.5019997355143231,0.5525425347222227,0.0395211181640627,0.1686556712962974
person,0.10234655761718822,0.24555841290509373,0.03870271809895976,0.13158774594907635
person,0.40461059570312535,0.557508101851852,0.03896972656250076,0.154143084490741
person,0.498624787608782,0.16468992332176,0.035915753602980695,0.1290275607638904
person,0.016902740796407065,0.6273150295681431,0.03380548159281413,0.15759302209924633
person,0.6042227172851569,0.7736794704861125,0.04686706542968864,0.1735669849537064
person,0.8858414100805924,0.1261895243326813,0.03716483513514047,0.11832812273943664
person,0.5295639251073195,0.16483300781250027,0.021515952428180777,0.1124821325231487
person,0.8134917195638028,0.7957384982638892,0.04755513509114735,0.17456004050925975
person,0.9082793174187337,0.11906738281250069,0.02501444538434233,0.11517614293981618
person,0.7774872740109762,0.9572175202546297,0.05081398487091064,0.08556495949074075
person,0.9797172376844621,0.15225676359953827,0.038775295681422385,0.12616548514660744
person,0.9645750954945884,0.09058250144675926,0.030629357655842543,0.12476671006944445
person,0.9338413414557775,0.09009548611111245,0.026766016244888155,0.11777199074074343
person,0.51107153304418,0.07075488281250021,0.021571451505026276,0.10106705729166707
