person,0.5600440877278651,0.08807544849537105,0.026307657877604976,0.1170912905092606
person,0.9616266882419584,0.5896866319444455,0.048670246601104354,0.17094155092592797
person,0.7294244795640308,0.0817174840856495,0.020834758281707385,0.12498480902778047
person,0.6765276228246236,0.897673171916337,0.044709414641062865,0.1550504815641554
person,0.553230845053991,0.9657653356481481,0.04999066146214872,0.06846932870370369
person,0.03645933532714916,0.17125350637789166,0.03052924601237123,0.11082631252430054
person,0.19093622903029125,0.49406792534722327,0.0343762218952179,0.1420359519675946
person,0.2181367750167843,0.5152391161318182,0.04300012880960991,0.14695998862937448
person,0.23147961425781247,0.4925733959056724,0.02615533447265618,0.11399209707754837
person,0.24762685139973975,0.5091653103298619,0.027447916666667044,0.12222186053240881
person,0.5874944254755977,0.04232414641203832,0.012594482461611989,0.0677776331018544
person,0.5522878021001816,0.17194263599537038,0.021355185906092325,0.11584201388888889
person,0.3910880128343893,0.2395469292534726,0.027843790968257724,0.1427950303819452
person,0.6699757899443308,0.13650667317708345,0.026282756646474087,0.11991257957175953
person,0.4408337110877041,0.06364908854166769,0.01891742217540659,0.09629484953703907
person,0.5021892903645834,0.5565197482638895,0.0400379638671876,0.1695716145833345
person,0.10209582519531324,0.2472798936631957,0.03927709960937647,0.13188509114583583
person,0.40483439127604204,0.5535153356481483,0.03896972656250076,0.15301193576388908
person,0.49817034020026485,0.16659056712963036,0.03629856614271715,0.12972627314814958
person,0.017428612550099722,0.6304620716306905,0.034857225100199445,0.16011395807619322
person,0.6018570861816411,0.7705055519386588,0.046639994303386466,0.17435926649305822
person,0.8835173745552705,0.1252709586532016,0.03764033993085079,0.1179619838573291
person,0.5294678862094873,0.16638252314814844,0.021588360309599607,0.1130312500000006
person,0.814049377441407,0.7905958478009262,0.04755513509114735,0.1733083043981488
person,0.90659383157889,0.1181960720486118,0.02501444538434233,0.11517614293981616
person,0.7774872740109762,0.9547430193865745,0.05081398487091064,0.09051396122685118
person,0.978236558702257,0.15199652777777892,0.039946424696179504,0.12717978395061952
person,0.963907167474429,0.08933286313657408,0.03027266828219055,0.12476671006944445
person,0.9325431439876556,0.08947211371527913,0.02744045464197787,0.11846317997685456
person,0.5117383625507361,0.07246375868055566,0.020932617028555534,0.1027497829861113
