person,0.6205601805051172,0.9300103081597223,0.053671305020650685,0.13997938368055557
person,0.7576747993628187,0.7382171461317272,0.05811969963709428,0.16987815800419412
person,0.785171143372854,0.523768951133446,0.04026009273529141,0.15375925643355612
person,0.6121266858577731,0.5254260513870802,0.03806570895512777,0.13462742106119757
person,0.36913190550009384,0.6738237847222228,0.040725399541853474,0.18009259259259397
person,0.04688513263066616,0.8278352430838127,0.05687813472747792,0.17538692135281053
person,0.41092775662740055,0.4834079499421299,0.035168257395425444,0.15236928530092644
person,0.7752721207936607,0.3770847800925929,0.036253470102946515,0.14749710648148218
person,0.950077650157611,0.20029966001157543,0.03069892010688863,0.12004376446758991
person,0.8984413076519966,0.21098328993055576,0.03017379368940922,0.12936675347222262
person,0.9143095112244294,0.12203671534502873,0.03043152244885654,0.09193729064376116
person,0.8866892164945606,0.07115228652954152,0.027427098353704573,0.11751254470260157
person,0.8512372586727144,0.06666185237743237,0.0220800267855329,0.10276453230116103
person,0.7320349118709567,0.10960558538083712,0.018388508637745698,0.12316878071537793
person,0.6400499669909481,0.17524967560944857,0.02520491445064638,0.12472287552445108
person,0.6202807696660363,0.19733194986979133,0.02309226036071834,0.12452139395254563
person,0.4981599682728447,0.23105555272985437,0.030115916363397825,0.12714814249674386
person,0.5796696754296621,0.09499967447916688,0.022017166614532496,0.09800065104166707
person,0.3841491952626792,0.27944846322016476,0.030638568838437172,0.133057806069959
person,0.3126950480143235,0.3230993923611115,0.03235990397135537,0.12665306712963045
person,0.3099255978619612,0.23214323836589593,0.02489749202021816,0.08134979656203878
person,0.4295122477213545,0.12957991939120803,0.026517171223958927,0.11731377396760125
person,0.45429774759213143,0.12394234480681243,0.02190339720249194,0.12114604667381004
person,0.5296871104756992,0.16141811342592688,0.025647007409731633,0.12505266203703894
person,0.47793762272596374,0.13900320900811158,0.020655925790469116,0.11535631674307499
person,0.3899516860644023,0.04793419626024152,0.020821340878804523,0.08929431844640695
person,0.20218212580239345,0.07288045749742926,0.0239012886418234,0.10471233603395318
person,0.12615379459769593,0.09020935757170126,0.03319454304377153,0.11101317244792508
person,0.06208623305956545,0.17620264053344728,0.025609477837879997,0.10998955479374639
person,0.15171858019299017,0.4933094517586166,0.03710663919095719,0.15505752877443454
person,0.19389565338691075,0.526787525538065,0.028802862763404845,0.13606235174484996
person,0.21805270763238285,0.5488527453387225,0.03708869163195325,0.14859452424225986
person,0.230479776998361,0.5087313355339897,0.027822102824846782,0.10972214734112774
person,0.2535950676202776,0.535872486255787,0.028539419094721935,0.1226806640625
person,0.6910732014973962,0.05292735573097532,0.0177494303385424,0.0922942369249136
person,0.673023812244336,0.08082095979761224,0.01465244219700459,0.0650378252665208
person,0.8351107118765513,0.06735881974962063,0.020596179612477526,0.09881920199924127
