person,0.5992445902029667,0.8164348234953718,0.04682292064030851,0.19638961226852122
person,0.7005468757947293,0.7387040653935198,0.03828125158945568,0.16481409143518788
person,0.8083774820963545,0.6079629629629634,0.04147420247395909,0.15814814814814748
person,0.6142137486404844,0.4533209755979947,0.03287424749798262,0.13292595003858204
person,0.37098998904228137,0.5471759259259266,0.03489583094914603,0.16009259259259395
person,0.07090118408203144,0.8542914496527778,0.052676798502604545,0.16641710069444446
person,0.409296875596047,0.396667390046295,0.029947917858758426,0.14185185185184918
person,0.7996183268229174,0.4623067092895495,0.038055013020834846,0.1564674405698396
person,0.9586722819010418,0.2428805881076389,0.03338460286458371,0.1230369285300926
person,0.913073527018229,0.2578707320601855,0.03322916666666629,0.1355548321759266
person,0.9210312404235206,0.16057704007183998,0.031958314180373766,0.1018977144029392
person,0.8903645833333333,0.0969713903356495,0.028125,0.12142758969907677
person,0.8581764735778165,0.07273093894676061,0.020208334525424712,0.10416775173611381
person,0.729755339225133,0.10250045069941802,0.019719825585682808,0.12314904954698284
person,0.6348957316080733,0.12643536603009292,0.023333536783854924,0.11787000868055623
person,0.6201443477471675,0.14855486834490808,0.02508036216099943,0.11798285590277913
person,0.4965364575386047,0.2733077437789352,0.03057291507720947,0.13070113570601852
person,0.5823437503973651,0.12657298829820288,0.02218750079472708,0.10074073932788721
person,0.3798172509670252,0.21812545069941802,0.028280742168425375,0.1321768273247606
person,0.31614603638648947,0.3647260199652785,0.035520832538603976,0.127770182291668
person,0.3117579798897111,0.2683505135995364,0.026079436341922245,0.09078812210648014
person,0.4251822918653488,0.11062382450810151,0.016510417064030964,0.12273057725694378
person,0.4512664794921875,0.11242947048611111,0.022074381510416668,0.12143735532407408
person,0.5323958331346518,0.19756872247766533,0.02666666626930123,0.13180555838125657
person,0.4919942220052083,0.10092592663235236,0.018094889322916665,0.1127777791906266
person,0.16268229166666687,0.04905099012586881,0.02484375000000038,0.09810198025173762
person,0.058606716742118196,0.1688131367718732,0.0250747616092364,0.10998955479374639
person,0.13837849219640078,0.5724072265625013,0.04217243035634321,0.15944480613426196
person,0.19187194824218826,0.5175075954861111,0.033235270182293185,0.13905888310185185
person,0.21466044108072993,0.5393909143518529,0.03819132486979318,0.14732928240740945
person,0.2294772338867195,0.4998611096982603,0.022087198893230683,0.11175925643355758
person,0.24973978678385436,0.5283451786747685,0.02624959309895871,0.1226806640625
person,0.6851691691080731,0.04640127676504765,0.019453328450521213,0.0928025535300953
person,0.664651254316171,0.0729163049768532,0.015048765142758687,0.06768590856481752
person,0.8394271850585937,0.07489230544478805,0.0211456298828125,0.0989057046395761
person,0.9498911535739892,0.6183830656828714,0.049157714049020265,0.17267831307870574
person,0.7273634930451711,0.028645964022035952,0.02127768596013387,0.057291928044071905
person,0.48591135660807366,0.03715408113267687,0.019635620117189015,0.07430816226535374
