person,0.5597817993164066,0.08643916377314882,0.026165568033854922,0.11675130208333469
person,0.9623152665297189,0.5935756655092603,0.048670246601104354,0.17229311342592796
person,0.7294125370184579,0.08186631944444579,0.020834758281707385,0.12498480902778047
person,0.6764535522460942,0.9040999348958344,0.04490539550781326,0.15680013020833536
person,0.5531111653645837,0.9687337239583333,0.049923502604167426,0.06253255208333333
person,0.03643880208333409,0.1712962941770204,0.03055989583333485,0.11074073650218755
person,0.19091145892937977,0.49397985387731586,0.0343762218952179,0.1420359519675946
person,0.21816750009854596,0.5152391088980218,0.0429386785825083,0.14695998862937448
person,0.23136698404947917,0.4927672887731492,0.026328531901041667,0.11372468171296499
person,0.24762186686197935,0.5092626953125007,0.027447916666667044,0.12222186053240876
person,0.5874475097656253,0.041990921585649495,0.012500813802084091,0.06749963831018788
person,0.552455140153567,0.1703486689814815,0.021355185906092325,0.11584201388888889
person,0.751935221354167,0.039861111111112124,0.02467122395833409,0.07972222222222425
person,0.39118286152680637,0.2382951750578707,0.02736694375673778,0.14322446469907477
person,0.6705079148213069,0.1346580222800926,0.02591166297594706,0.11957284432870371
person,0.44172495663166084,0.06345775462963064,0.018449913263320166,0.09629484953703907
person,0.5023788452148438,0.5604969618055563,0.0405548095703125,0.17048755787037173
person,0.10184509277343826,0.24900137442129766,0.03985148111979318,0.1321824363425953
person,0.4050581868489587,0.5495225694444444,0.03896972656250076,0.15188078703703703
person,0.49771589279174766,0.1684912109375007,0.03668137868245367,0.13042498553240875
person,0.017954484303792383,0.6336091136932379,0.03590896860758477,0.1626348940531401
person,0.5994914550781254,0.7673316333912051,0.046412923177084286,0.17515154803241012
person,0.8811933390299487,0.12435239297372189,0.03811584472656098,0.11759584497522156
person,0.5293718473116551,0.16793203848379665,0.021660768191018556,0.11358036747685253
person,0.8146070353190111,0.7854531973379634,0.04755513509114735,0.17205656828703772
person,0.9049083457390461,0.1173247612847229,0.02501444538434233,0.11517614293981616
person,0.7774872740109762,0.9522685185185192,0.05081398487091064,0.09546296296296163
person,0.9767558797200517,0.15173629195601954,0.04111755371093674,0.12819408275463165
person,0.9632392394542696,0.08808322482638889,0.029915978908538438,0.12476671006944445
person,0.9312449465195338,0.0888487413194458,0.028114893039067584,0.11915436921296567
person,0.5124051920572924,0.07417263454861112,0.02029378255208485,0.10443250868055556
