person,0.5593634033203129,0.08416625072338034,0.026165568033854922,0.11522305410879773
person,0.9631206965049105,0.5966232819733805,0.04883559060096694,0.17251269531250188
person,0.7295535332957902,0.0819398420121948,0.021116649111111604,0.12483776417485236
person,0.6768251749674483,0.9078576027199083,0.045276733398438296,0.1527847945601871
person,0.5531111653645837,0.9708796296296307,0.049923502604167426,0.05824074074073872
person,0.036259562174479926,0.17146847682529068,0.030559895833334853,0.11091489057187641
person,0.19091145892937977,0.4939034469039362,0.0343762218952179,0.1420359519675946
person,0.21819822518030763,0.5152391016642254,0.04287722835540668,0.14695998862937437
person,0.23142759874131943,0.49269585503472324,0.026218831380208276,0.11372468171296499
person,0.2476362609863283,0.5091479492187506,0.027447916666667044,0.12222186053240876
person,0.5874475097656253,0.04184275549429559,0.012500813802084091,0.06779597105803549
person,0.5525627451340358,0.16837017144097227,0.02125932002067555,0.11520062934027786
person,0.3913857525785757,0.2362975622106485,0.02743927045663058,0.14322446469907477
person,0.6705977483391762,0.13332029441550933,0.02609133001168568,0.11991496672453719
person,0.44319294367233947,0.063149585865163,0.0187296169996254,0.096167335792826
person,0.5021417338053386,0.563802083333334,0.03999778238932302,0.17048755787037173
person,0.10104928588867257,0.2501383644386587,0.03976601155599099,0.1317788266782433
person,0.40549272664388064,0.5459985894097223,0.03872328694661539,0.15092874710648174
person,0.4981338513294852,0.16987405960648208,0.035965171734491125,0.13064076967592714
person,0.018480356057485044,0.6367561557557854,0.03696071211497009,0.165155830030087
person,0.5971258239746098,0.7641577148437513,0.046185852050781996,0.17594382957176194
person,0.8797058208386109,0.12315856354324785,0.037703308343885904,0.11770529259575496
person,0.5295684720079098,0.1693116681134262,0.021793600916861302,0.11374703414351912
person,0.8152049966255831,0.7811765407986114,0.04689611792564534,0.17260988136574135
person,0.9029951581160224,0.11641077112268587,0.02523079474766933,0.11517614293981618
person,0.776920044819514,0.9496796513310192,0.05058833996454872,0.10064069733796176
person,0.9762524515390393,0.14974350766782513,0.04037111401557851,0.1276796513310206
person,0.962480104506016,0.08624877025462967,0.029741459012031037,0.1237497106481482
person,0.9847768147786459,0.2124308056301541,0.030446370442708332,0.12431907653808594
person,0.9298456443548202,0.08758752893518654,0.028733036756515534,0.11862123842592862
person,0.5130327351888029,0.07509349681712962,0.02029378255208485,0.10443250868055556
person,0.5016111850738525,0.0370650468049226,0.017681598663330078,0.0741300936098452
