person,0.5589450073242191,0.08189333767361184,0.026165568033854922,0.11369480613426074
person,0.9639261264801022,0.5996708984375009,0.04900093460082952,0.17273227719907583
person,0.7296945295731224,0.0820133645799438,0.02139853994051594,0.12469071932192424
person,0.6771967976888025,0.9116152705439823,0.045648071289063334,0.1487694589120386
person,0.036080322265625756,0.17164065947356097,0.03055989583333485,0.11108904464156527
person,0.19091145892937977,0.4938270399305566,0.0343762218952179,0.1420359519675946
person,0.21822895026206937,0.515239094430429,0.04281577812830504,0.14695998862937437
person,0.23148821343315976,0.4926244212962973,0.026109130859374947,0.11372468171296499
person,0.24765065511067727,0.5090332031250007,0.027447916666667044,0.1222218605324087
person,0.5874475097656253,0.041694589402941684,0.012500813802084091,0.0680923038058831
person,0.5526703501145045,0.16639167390046303,0.021163454135258893,0.1145592447916668
person,0.391588643630345,0.23429994936342624,0.027511597156523432,0.14322446469907474
person,0.6706875818570455,0.13198256655092608,0.026270997047424416,0.12025708912037067
person,0.44466093071301804,0.06284141710069535,0.01900932073593064,0.09603982204861294
person,0.5019046223958334,0.5671072048611119,0.03944075520833354,0.17048755787037173
person,0.1002534790039069,0.25127535445601973,0.0396805419921888,0.1313752170138913
person,0.4059272664388025,0.5424746093750002,0.03847684733073002,0.14997670717592645
person,0.49855180986722264,0.1712569082754635,0.03524896478652864,0.13085655381944553
person,0.019006227811177705,0.6399031978183328,0.03801245562235541,0.16767676600703385
person,0.594760192871094,0.7609837962962976,0.045958780924479824,0.17673611111111384
person,0.8782183026472734,0.1219647341127738,0.03729077196121094,0.11781474021628838
person,0.5297650967041646,0.17069129774305583,0.02192643364270417,0.11391370081018573
person,0.815802957932155,0.7768998842592596,0.0462371007601431,0.173163194444445
person,0.9010819704929983,0.11549678096064882,0.025447144110996453,0.11517614293981616
person,0.7763528156280517,0.9470907841435191,0.05036269505818692,0.10581843171296189
person,0.9757490233580268,0.14775072337963072,0.03962467432022017,0.12716521990740956
person,0.9617209695577624,0.08441431568287044,0.029566939115523636,0.12273271122685199
person,0.9846912434895835,0.210050163269043,0.030617513020833206,0.12431907653808594
person,0.9284463421901066,0.08632631655092728,0.029351180473963366,0.11808810763889158
person,0.5136602783203132,0.07601435908564814,0.02029378255208485,0.10443250868055555
person,0.5018141089324598,0.038337654773100076,0.01788132839732691,0.07667530954620015
