person,0.5585266113281253,0.07962042462384337,0.026165568033854922,0.11216655815972379
person,0.9647315564552938,0.6027185149016212,0.04916627860069198,0.17295185908564978
person,0.729835525850455,0.08208688714769281,0.021680430769920277,0.12454367446899613
person,0.6775684204101567,0.9153729383680563,0.04601940917968837,0.14475412326389034
person,0.03590108235677159,0.17181284212183123,0.03055989583333485,0.11126319871125412
person,0.19091145892937977,0.49375063295717697,0.0343762218952179,0.1420359519675946
person,0.21825967534383103,0.5152390871966327,0.042754327901203454,0.14695998862937443
person,0.23154882812500008,0.4925529875578714,0.02599943033854156,0.11372468171296499
person,0.24766504923502625,0.5089184570312507,0.027447916666667044,0.12222186053240881
person,0.5874475097656253,0.04154642331158778,0.012500813802084091,0.0683886365537307
person,0.5527779550949731,0.1644131763599538,0.021067588249842235,0.11391786024305577
person,0.3917915346821144,0.23230233651620408,0.02758392385641629,0.14322446469907477
person,0.6707774153749149,0.1306448386863428,0.026450664083163034,0.12059921151620409
person,0.44612891775369673,0.06253324833622771,0.019289024472235874,0.09591230830439985
person,0.5016675109863282,0.5704123263888896,0.03888372802734411,0.17048755787037173
person,0.09945767211914121,0.2524123444733808,0.03959507242838658,0.13097160734953936
person,0.4063618062337244,0.5389506293402783,0.038230407714844594,0.1490246672453712
person,0.4989697684049601,0.17263975694444494,0.0345327578385661,0.13107233796296394
person,0.019532099564870363,0.6430502398808802,0.039064199129740726,0.17019770198398074
person,0.5923945617675784,0.757809877748844,0.04573170979817765,0.17752839265046566
person,0.8767307844559357,0.12077090468229978,0.03687823557853574,0.11792418783682174
person,0.5299617214004193,0.17207092737268542,0.022059266368546916,0.11408036747685232
person,0.8164009192387268,0.7726232277199077,0.04557808359464109,0.17371650752314863
person,0.8991687828699746,0.11458279079861179,0.025663493474323337,0.11517614293981616
person,0.7757855864365896,0.944501916956019,0.05013705015182488,0.11099616608796202
person,0.9752455951770143,0.14575793909143628,0.03887823462486194,0.12665078848379852
person,0.9609618346095088,0.08257986111111121,0.029392419219016357,0.12171571180555577
person,0.984605672200521,0.2076695209079319,0.030788655598958076,0.12431907653808597
person,0.9270470400253932,0.08506510416666803,0.029969324191411198,0.11755497685185456
person,0.5142878214518237,0.07693522135416668,0.02029378255208485,0.10443250868055558
person,0.5020170327910671,0.03961026274127755,0.018081058131323737,0.0792205254825551
