person,0.5581082153320317,0.07734751157407488,0.026165568033854922,0.11063831018518679
person,0.9655369864304857,0.6057661313657415,0.04933162260055456,0.1731714409722237
person,0.7299765221277873,0.08216040971544182,0.021962321599324614,0.12439662961606802
person,0.6779400431315108,0.9191306061921303,0.04639074707031341,0.14073878761574188
person,0.03572184244791742,0.17198502477010152,0.030559895833334846,0.11143735278094297
person,0.19091145892937977,0.49367422598379734,0.0343762218952179,0.1420359519675946
person,0.21829040042559278,0.5152390799628365,0.042692877674101806,0.14695998862937443
person,0.23160944281684034,0.4924815538194455,0.02588972981770817,0.11372468171296499
person,0.2476794433593752,0.5088037109375008,0.027447916666667044,0.12222186053240876
person,0.5874475097656253,0.041398257220233874,0.012500813802084091,0.06868496930157832
person,0.5528855600754419,0.16243467881944457,0.020971722364425578,0.11327647569444471
person,0.39199442573388377,0.23030472366898183,0.027656250556309145,0.14322446469907477
person,0.6708672488927843,0.12930711082175952,0.02663033111890177,0.12094133391203757
person,0.4475969047943753,0.06222507957176007,0.019568728208541112,0.0957847945601868
person,0.5014303995768231,0.5737174479166675,0.03832670084635463,0.17048755787037173
person,0.09866186523437553,0.25354933449074185,0.03950960286458439,0.13056799768518734
person,0.4067963460286463,0.5354266493055562,0.03798396809895923,0.1480726273148159
person,0.4993877269426976,0.17402260561342633,0.03381655089060362,0.1312881221064823
person,0.020057971318563024,0.6461972819434276,0.04011594263712605,0.17271863796092762
person,0.5900289306640628,0.7546359592013903,0.04550463867187548,0.17832067418981748
person,0.8752432662645981,0.11957707525182573,0.036465699195860776,0.11803363545735515
person,0.530158346096674,0.17345055700231504,0.02219209909438978,0.11424703414351893
person,0.8169988805452988,0.7683465711805557,0.04491906642913884,0.17426982060185225
person,0.8972555952469505,0.11366880063657474,0.025879842837650456,0.11517614293981615
person,0.7752183572451272,0.941913049768519,0.04991140524546308,0.11617390046296217
person,0.9747421669960018,0.1437651548032419,0.03813179492950359,0.12613635706018747
person,0.9602026996612554,0.08074540653935199,0.029217899322508956,0.12069871238425955
person,0.9845201009114586,0.20528887854682074,0.03095979817708283,0.12431907653808591
person,0.9256477378606796,0.08380389178240875,0.03058746790885903,0.11702184606481753
person,0.5149153645833341,0.07785608362268519,0.02029378255208485,0.10443250868055556
person,0.5022199566496743,0.040882870709455024,0.01828078786532057,0.08176574141891005
