person,0.5576898193359379,0.0750745985243064,0.026165568033854922,0.10911006221064984
person,0.9663424164056773,0.6088137478298619,0.04949696660041714,0.17339102285879765
person,0.7301175184051196,0.08223393228319083,0.022244212428728833,0.12424958476313991
person,0.6783116658528651,0.9228882740162042,0.04676208496093845,0.1367234519675936
person,0.03554260253906326,0.17215720741837182,0.03055989583333485,0.11161150685063183
person,0.19091145892937977,0.4935978190104177,0.0343762218952179,0.1420359519675946
person,0.21832112550735444,0.5152390727290401,0.04263142744700019,0.14695998862937443
person,0.23167005750868067,0.49241012008101953,0.02578002929687481,0.11372468171296499
person,0.24769383748372414,0.5086889648437507,0.027447916666667044,0.12222186053240876
person,0.5874475097656253,0.041250091128879965,0.012500813802084091,0.06898130204942593
person,0.5529931650559107,0.16045618127893535,0.020875856479008803,0.11263509114583367
person,0.39219731678565306,0.2283071108217596,0.02772857725620194,0.14322446469907477
person,0.6709570824106535,0.12796938295717628,0.026809998154640385,0.12128345630787105
person,0.44906489183505394,0.061916910807292426,0.01984843194484635,0.09565728081597374
person,0.501193288167318,0.5770225694444452,0.03776967366536515,0.17048755787037173
person,0.09786605834960985,0.25468632450810286,0.0394241333007822,0.13016438802083535
person,0.4072308858235682,0.5319026692708341,0.037737528483073865,0.14712058738426062
person,0.49980568548043514,0.17540545428240775,0.033100343942641074,0.1315039062500007
person,0.020583843072255685,0.6493443240059751,0.04116768614451137,0.1752395739378745
person,0.587663299560547,0.7514620406539366,0.045277567545573306,0.17911295572916938
person,0.8737557480732604,0.11838324582135169,0.0360531628131857,0.11814308307788855
person,0.5303549707929287,0.1748301866319446,0.022324931820232527,0.11441370081018552
person,0.8175968418518706,0.7640699146412039,0.04426004926363684,0.1748231336805559
person,0.8953424076239268,0.11275481047453771,0.02609619220097746,0.11517614293981616
person,0.7746511280536652,0.9393241825810189,0.04968576033910115,0.1213516348379623
person,0.9742387388149893,0.14177237051504749,0.03738535523414536,0.12562192563657643
person,0.9594435647130017,0.07891095196759276,0.029043379426001555,0.1196817129629633
person,0.9844345296223961,0.20290823618570963,0.0311309407552077,0.12431907653808594
person,0.9242484356959659,0.0825426793981495,0.03120561162630698,0.11648871527778047
person,0.5155429077148445,0.07877694589120371,0.02029378255208485,0.10443250868055556
person,0.5024228805082818,0.0421554786776325,0.0184805175993174,0.084310957355265
