person,0.557271423339844,0.07280168547453791,0.026165568033854922,0.10758181423611288
person,0.9671478463808689,0.6118613642939821,0.04966231060027972,0.1736106047453716
person,0.730258514682452,0.08230745485093983,0.022526103258133052,0.12410253991021179
person,0.6786832885742193,0.9266459418402783,0.04713342285156349,0.13270811631944535
person,0.035363362630209096,0.1723293900666421,0.030559895833334853,0.11178566092032069
person,0.19091145892937977,0.4935214120370381,0.0343762218952179,0.1420359519675946
person,0.21835185058911613,0.5152390654952438,0.042569977219898573,0.14695998862937443
person,0.23173067220052093,0.49233868634259365,0.02567032877604145,0.11372468171296499
person,0.2477082316080731,0.5085742187500006,0.027447916666667044,0.12222186053240876
person,0.5874475097656253,0.04110192503752606,0.012500813802084091,0.06927763479727354
person,0.5531007700363795,0.15847768373842616,0.020779990593592028,0.11199370659722263
person,0.39240020783742235,0.22630949797453737,0.027800903956094736,0.14322446469907477
person,0.6710469159285228,0.126631655092593,0.026989665190379004,0.12162557870370452
person,0.45053287887573257,0.061608742042824786,0.020128135681151585,0.09552976707176068
person,0.5009561767578128,0.5803276909722229,0.03721264648437567,0.17048755787037173
person,0.09707025146484416,0.2558233145254639,0.03933866373698001,0.1297607783564834
person,0.4076654256184901,0.5283786892361119,0.03749108886718849,0.1461685474537053
person,0.5002236440181727,0.17678830295138917,0.032384136994678535,0.13171969039351905
person,0.021109714825948346,0.6524913660685225,0.04221942965189669,0.17776050991482137
person,0.5852976684570314,0.7482881221064828,0.045050496419271016,0.1799052372685212
person,0.8722682298819228,0.11718941639087764,0.035640626430510615,0.11825253069842197
person,0.5305515954891835,0.1762098162615742,0.022457764546075273,0.11458036747685212
person,0.8181948031584426,0.759793258101852,0.04360103209813483,0.17537644675925954
person,0.893429220000903,0.11184082031250069,0.026312541564304463,0.11517614293981618
person,0.7740838988622031,0.9367353153935188,0.04946011543273923,0.12652936921296243
person,0.9737353106339769,0.13977958622685308,0.036638915538787134,0.12510749421296538
person,0.9586844297647481,0.07707649739583354,0.028868859529494154,0.11866471354166706
person,0.9843489583333337,0.20052759382459853,0.03130208333333258,0.12431907653808594
person,0.9228491335312524,0.08128146701389023,0.03182375534375493,0.11595558449074343
person,0.5161704508463549,0.07969780815972222,0.02029378255208485,0.10443250868055556
person,0.5026258043668891,0.043428086645809966,0.01868024733331429,0.08685617329161993
