person,0.5568530273437504,0.07052877242476943,0.026165568033854922,0.10605356626157589
person,0.9679532763560608,0.6149089807581024,0.0498276546001423,0.17383018663194552
person,0.7303995109597843,0.08238097741868884,0.02280799408753739,0.12395549505728368
person,0.6790549112955734,0.9304036096643522,0.047504760742188526,0.12869278067129686
person,0.035184122721354925,0.1725015727149124,0.03055989583333485,0.11195981499000954
person,0.19091145892937977,0.49344500506365846,0.0343762218952179,0.1420359519675946
person,0.21838257567087785,0.5152390582614474,0.04250852699279693,0.14695998862937443
person,0.23179128689236125,0.4922672526041677,0.02556062825520806,0.11372468171296499
person,0.24772262573242204,0.5084594726562507,0.027447916666667044,0.1222218605324087
person,0.5874475097656253,0.040953758946172154,0.012500813802084091,0.06957396754512114
person,0.5532083750168482,0.1564991861979169,0.02068412470817537,0.11135232204861159
person,0.39260309888919165,0.22431188512731515,0.02787323065598759,0.14322446469907474
person,0.6711367494463921,0.12529392722800975,0.02716933222611774,0.121967701099538
person,0.4520008659164112,0.06130057327835714,0.020407839417456823,0.09540225332754762
person,0.5007190653483077,0.5836328125000008,0.03665561930338619,0.17048755787037173
person,0.09627444458007849,0.256960304542825,0.03925319417317782,0.12935716869213137
person,0.4080999654134119,0.5248547092013898,0.03724464925130313,0.14521650752315002
person,0.5006416025559102,0.17817115162037056,0.03166793004671605,0.1319354745370374
person,0.02163558657964112,0.6564302352622707,0.04327117315928224,0.1786963356865777
person,0.5829320373535156,0.7451142035590291,0.04482342529296884,0.1806975188078731
person,0.8707807116905852,0.11599558696040362,0.035228090047835656,0.11836197831895537
person,0.5307482201854382,0.17758944589120382,0.022590597271918138,0.11474703414351871
person,0.8187927644650145,0.7555166015625002,0.04294201493263259,0.17592975983796316
person,0.891516032377879,0.11092683015046363,0.026528890927631582,0.11517614293981616
person,0.7735166696707407,0.9341464482060188,0.04923447052637743,0.13170710358796256
person,0.9732318824529644,0.13778680193865867,0.035892475843428785,0.12459306278935435
person,0.9579252948164946,0.0752420428240743,0.028694339632986753,0.11764771412037085
person,0.9835075124104821,0.1981463185063115,0.030843149820962878,0.12431907653808594
person,0.9214498313665388,0.08002025462963097,0.03244189906120276,0.11542245370370639
person,0.5167979939778653,0.08061867042824074,0.02029378255208485,0.10443250868055555
person,0.5028287282254964,0.04470069461398744,0.018879977067311118,0.08940138922797489
