person,0.5564346313476566,0.06825585937500095,0.026165568033854922,0.10452531828703894
person,0.9687587063312524,0.6179565972222227,0.049992998600004765,0.17404976851851947
person,0.7305405072371167,0.08245449998643785,0.02308988491694173,0.12380845020435556
person,0.6794265340169277,0.9341612774884261,0.04787609863281356,0.1246774450231486
person,0.03500488281250076,0.17267375536318266,0.03055989583333485,0.11213396905969839
person,0.19091145892937977,0.49336859809027883,0.0343762218952179,0.1420359519675946
person,0.21841330075263954,0.5152390510276511,0.04244707676569535,0.14695998862937448
person,0.23185190158420152,0.49219581886574176,0.0254509277343747,0.11372468171296499
person,0.24773701985677102,0.5083447265625007,0.027447916666667044,0.12222186053240881
person,0.5874475097656253,0.04080559285481825,0.012500813802084091,0.06987030029296874
person,0.5533159799973167,0.1545206886574077,0.020588258822758713,0.11071093750000055
person,0.3928059899409611,0.22231427228009296,0.027945557355880446,0.14322446469907477
person,0.6712265829642615,0.12395619936342647,0.02734899926185636,0.12230982349537144
person,0.45346885295708983,0.0609924045138895,0.020687543153762058,0.09527473958333454
person,0.5004819539388026,0.5869379340277785,0.036098592122396765,0.17048755787037173
person,0.0954786376953128,0.258097294560186,0.03916772460937559,0.1289535590277794
person,0.40853450520833384,0.5213307291666678,0.0369982096354177,0.1442644675925948
person,0.5010595610936476,0.179554000289352,0.030951723098753506,0.13215125868055586
person,0.0221614583333339,0.6603691044560189,0.0443229166666678,0.17963216145833402
person,0.58056640625,0.7419402850115755,0.044596354166666664,0.18148980034722492
person,0.8692931934992475,0.11480175752992956,0.034815553665160454,0.11847142593948874
person,0.5309448448816929,0.1789690755208334,0.022723429997760884,0.11491370081018533
person,0.8193907257715863,0.7512399450231482,0.042282997767130584,0.17648307291666682
person,0.8896028447548552,0.1100128399884266,0.02674524029095847,0.11517614293981616
person,0.7729494404792786,0.9315575810185187,0.04900882562001539,0.1368848379629627
person,0.9727284542719519,0.13579401765046423,0.035146036148070554,0.1240786313657433
person,0.9571661598682409,0.07340758825231508,0.028519819736479473,0.11663071469907461
person,0.9826660664876304,0.19576504318802446,0.03038421630859318,0.12431907653808594
person,0.9200505292018254,0.07875904224537172,0.03306004277865059,0.11488932291666938
person,0.5174255371093758,0.08153953269675927,0.02029378255208485,0.10443250868055558
person,0.5030316520841036,0.04597330258216492,0.01907970680130795,0.09194660516432984
