person,0.556016235351563,0.06598294632523245,0.026165568033854922,0.10299707031250195
person,0.9695641363064441,0.6210042136863431,0.050158342599867345,0.17426935040509342
person,0.730681503514449,0.08252802255418686,0.023371775746346066,0.12366140535142744
person,0.6797981567382817,0.9379189453125001,0.048247436523438596,0.12066210937500012
person,0.034825642903646585,0.17284593801145295,0.030559895833334846,0.11230812312938725
person,0.19091145892937977,0.4932921911168992,0.0343762218952179,0.1420359519675946
person,0.21844402583440126,0.5152390437938548,0.0423856265385937,0.14695998862937448
person,0.23191251627604184,0.4921243851273158,0.025341227213541314,0.11372468171296499
person,0.24775141398112,0.5082299804687507,0.027447916666667044,0.12222186053240876
person,0.5874475097656253,0.040657426763464344,0.012500813802084091,0.07016663304081636
person,0.5534235849777855,0.15254219111689843,0.020492392937342056,0.1100695529513895
person,0.3930088809927304,0.22031665943287074,0.0280178840557733,0.14322446469907477
person,0.6713164164821309,0.12261847149884321,0.027528666297595095,0.12265194589120491
person,0.4549368399977684,0.060684235749421854,0.020967246890067296,0.09514722583912148
person,0.5002448425292974,0.5902430555555563,0.03554156494140728,0.17048755787037173
person,0.09468283081054713,0.25923428457754705,0.0390822550455734,0.1285499493634274
person,0.4089690450032557,0.5178067491319457,0.03675177001953234,0.14331242766203947
person,0.5014775196313851,0.18093684895833342,0.030235516150791023,0.13236704282407422
person,0.023411445667346816,0.6621679191236147,0.04682289133469363,0.17920138005857147
person,0.5790232137044271,0.7375742006655106,0.044068155924479296,0.18083308015046565
person,0.86780567530791,0.11360792809945551,0.034403017282485494,0.11858087356002214
person,0.5311414695779477,0.180348705150463,0.02285626272360375,0.11508036747685194
person,0.8199886870781583,0.7469632884837963,0.041623980601628335,0.17703638599537044
person,0.8876896571318312,0.10909884982638955,0.02696158965428559,0.11517614293981615
person,0.7723822112878163,0.9289687138310186,0.04878318071365359,0.14206257233796282
person,0.9722250260909394,0.13380123336226984,0.034399596452712206,0.12356419994213226
person,0.9564070249199874,0.07157313368055586,0.028345299839972072,0.1156137152777784
person,0.9818246205647788,0.19338376786973743,0.029925282796223484,0.12431907653808594
person,0.9186512270371118,0.07749782986111246,0.033678186496098425,0.11435619212963233
person,0.5180530802408861,0.08246039496527778,0.02029378255208485,0.10443250868055556
person,0.5032345759427109,0.04724591055034239,0.01927943653530478,0.09449182110068478
