person,0.5555978393554691,0.06371003327546397,0.026165568033854922,0.10146882233796499
person,0.9703695662816357,0.6240518301504633,0.05032368659972993,0.17448893229166734
person,0.7308224997917814,0.08260154512193586,0.023653666575750285,0.12351436049849933
person,0.680169779459636,0.9416766131365741,0.048618774414063634,0.11664677372685185
person,0.03464640299479242,0.17301812065972325,0.03055989583333485,0.1124822771990761
person,0.19091145892937977,0.4932157841435196,0.0343762218952179,0.1420359519675946
person,0.21847475091616295,0.5152390365600583,0.04232417631149209,0.14695998862937437
person,0.2319731309678821,0.49205295138888994,0.025231526692707954,0.11372468171296499
person,0.24776580810546894,0.5081152343750007,0.027447916666667044,0.12222186053240876
person,0.5874475097656253,0.040509260672110435,0.012500813802084091,0.07046296578866397
person,0.5535311899582543,0.15056369357638924,0.02039652705192528,0.10942816840277846
person,0.3932117720444997,0.2183190465856485,0.028090210755666097,0.14322446469907477
person,0.6714062500000002,0.12128074363425993,0.027708333333333713,0.12299406828703839
person,0.45640482703844704,0.060376066984954214,0.021246950626372534,0.09501971209490842
person,0.5000077311197922,0.5935481770833341,0.0349845377604178,0.17048755787037173
person,0.09388702392578144,0.2603712745949081,0.03899678548177121,0.12814633969907543
person,0.4094035847981776,0.5142827690972236,0.03650533040364697,0.14236038773148418
person,0.5018954781691226,0.18231969762731481,0.02951930920282848,0.1325828269675926
person,0.02466143300135973,0.6639667337912105,0.04932286600271946,0.17877059865880895
person,0.5774800211588543,0.7332081163194457,0.04353995768229204,0.18017635995370634
person,0.8663181571165722,0.11241409866898149,0.03399048089981041,0.11869032118055556
person,0.5313380942742024,0.1817283347800926,0.022989095449446495,0.11524703414351853
person,0.8205866483847302,0.7426866319444445,0.04096496343612633,0.17758969907407407
person,0.8857764695088074,0.10818485966435253,0.02717793901761259,0.11517614293981616
person,0.7718149820963541,0.9263798466435186,0.04855753580729166,0.14724030671296298
person,0.971721597909927,0.13180844907407543,0.033653156757353975,0.12304976851852122
person,0.9556478899717339,0.06973867910879664,0.02817077994346467,0.11459671585648216
person,0.9809831746419273,0.19100249255145038,0.029466349283853787,0.12431907653808594
person,0.9172519248723981,0.0762366174768532,0.034296330213546375,0.11382306134259529
person,0.5186806233723966,0.0833812572337963,0.02029378255208485,0.10443250868055556
person,0.5034374998013182,0.04851851851851987,0.01947916626930161,0.09703703703703974
