person,0.5554782104492192,0.06227493851273249,0.026165568033854922,0.10119375723379832
person,0.9719301679399273,0.6264934594425158,0.050181543562146304,0.17356948061342675
person,0.7309634960691137,0.08267506768968487,0.023935557405154503,0.12336731564557121
person,0.6806121244884676,0.9445400338955027,0.04935610816592361,0.11091993220899476
person,0.03445324707031318,0.17336434823495472,0.030804687500001364,0.11271574797453907
person,0.19091145892937977,0.4931393771701399,0.0343762218952179,0.1420359519675946
person,0.2185054759979246,0.5152390293262621,0.04226272608439047,0.14695998862937437
person,0.23203374565972243,0.491981517650464,0.025121826171874594,0.11372468171296499
person,0.2477802022298179,0.5080004882812507,0.027447916666667044,0.12222186053240876
person,0.5874475097656253,0.04026389016045498,0.012500813802084091,0.07056481735794579
person,0.5538778696457544,0.14854257089120404,0.02039652705192528,0.10921115451388955
person,0.39384626297156017,0.21573819082754672,0.02830735341707869,0.14227029079861192
person,0.6717830505371097,0.11947446469907474,0.027433898925781717,0.12299406828703839
person,0.4578728140791257,0.06006789822048657,0.02152665436267777,0.09489219835069536
person,0.5003164672851568,0.5962659686053247,0.035200398763021924,0.16970099103009395
person,0.09354278564453145,0.2624374095775471,0.03899678548177121,0.1288103660300941
person,0.40960449218750056,0.5118084490740754,0.03650533040364697,0.14332754629629904
person,0.5019854338367773,0.18339351851851865,0.030438966631887904,0.13243518518518543
person,0.025911420335372644,0.6657655484588064,0.05182284067074529,0.17833981725904643
person,0.5759368286132814,0.7288420319733809,0.04301175944010455,0.17951963975694685
person,0.8649866650899253,0.11096591073495381,0.03334833017984984,0.1183644748263891
person,0.5314815268913899,0.1829609736689815,0.022989095449446495,0.11524703414351853
person,0.8211743762493136,0.7386671187789352,0.041400835831959526,0.17770279947916673
person,0.8842295843760178,0.10667730034722286,0.0273550020853668,0.11479593460648277
person,0.7715580783420141,0.9239929952739198,0.04841536458333356,0.15201400945216054
person,0.9710490311384198,0.12944513165509394,0.03392244378725605,0.12218381076389154
person,0.9544563820163415,0.06912803819444485,0.02851693069934704,0.11505873842592675
person,0.9803440856602459,0.18911326608540102,0.030844421320491002,0.12431907653808597
person,0.9164498008290926,0.07456763599537158,0.0340357507467265,0.1134943576388913
person,0.5188805440266935,0.08471157045717603,0.020753438313803586,0.10457830584490761
person,0.5034375201463702,0.0488935185185198,0.01947916626930161,0.0977870370370396
