person,0.5553585815429691,0.06083984375000102,0.026165568033854922,0.10091869212963166
person,0.9734907695982189,0.6289350887345684,0.050039400524562794,0.17265002893518613
person,0.731104492346446,0.08274859025743388,0.02421744823455884,0.1232202707926431
person,0.6810544695172995,0.9474034546544313,0.05009344191778358,0.10519309069113755
person,0.034260091145833935,0.1737105758101862,0.03104947916666788,0.11294921875000202
person,0.19091145892937977,0.49306297019676026,0.0343762218952179,0.1420359519675946
person,0.21853620107968633,0.5152390220924657,0.04220127585728883,0.14695998862937443
person,0.23209436035156272,0.49191008391203805,0.025012125651041207,0.11372468171296499
person,0.24779459635416684,0.5078857421875006,0.027447916666667044,0.1222218605324087
person,0.5874475097656253,0.04001851964879952,0.012500813802084091,0.0706666689272276
person,0.5542245493332543,0.14652144820601887,0.02039652705192528,0.10899414062500068
person,0.39448075389862064,0.21315733506944493,0.028524496078491286,0.1413161168981491
person,0.672159851074219,0.11766818576388956,0.027159464518229842,0.12299406828703839
person,0.4593408011198043,0.05975972945601892,0.021806358098983007,0.09476468460648231
person,0.5006252034505214,0.5989837601273154,0.03541625976562616,0.16891442418981606
person,0.09319854736328144,0.264503544560186,0.03899678548177121,0.12947439236111272
person,0.4098053995768235,0.5093341290509272,0.03650533040364697,0.14429470486111387
person,0.502075389504432,0.18446733940972249,0.03135862406094739,0.13228754340277835
person,0.02716140766938556,0.6675643631264022,0.05432281533877112,0.17790903585928391
person,0.5743936360677088,0.724475947627316,0.0424835611979173,0.17886291956018757
person,0.8636551730632784,0.10951772280092614,0.03270617945988915,0.11803862847222263
person,0.5316249595085774,0.1841936125578704,0.022989095449446495,0.11524703414351854
person,0.821762104113897,0.734647605613426,0.04183670822779272,0.1778158998842594
person,0.8826826992432281,0.1051697410300932,0.027532065153120892,0.11441572627314937
person,0.7713011745876738,0.921606143904321,0.04827319335937545,0.156787712191358
person,0.9703764643669127,0.1270818142361124,0.034191730817158233,0.12131785300926184
person,0.9532648740609493,0.06851739728009307,0.028863081455229297,0.11552076099537133
person,0.9797049966785645,0.1872240396193516,0.032222493357127985,0.12431907653808591
person,0.915647676785787,0.07289865451388997,0.03377517127990662,0.11316565393518735
person,0.5190804646809902,0.08604188368055578,0.02121309407552226,0.10472410300925968
person,0.5034375404914222,0.04926851851851973,0.01947916626930161,0.09853703703703946
