person,0.5552389526367191,0.05940474898726953,0.026165568033854922,0.10064362702546498
person,0.9750513712565104,0.631376718026621,0.049897257486979166,0.17173057725694552
person,0.7312454886237786,0.08282211282518288,0.024499339063963177,0.12307322593971498
person,0.6814968145461312,0.9502668754133597,0.05083077566964356,0.09946624917328045
person,0.034066935221354705,0.1740568033854177,0.031294270833334394,0.113182689525465
person,0.19091145892937977,0.49298656322338064,0.0343762218952179,0.1420359519675946
person,0.21856692616144802,0.5152390148586694,0.04213982563018724,0.14695998862937443
person,0.23215497504340302,0.4918386501736121,0.024902425130207816,0.11372468171296499
person,0.24780899047851582,0.5077709960937508,0.027447916666667044,0.12222186053240881
person,0.5874475097656253,0.039773149137144075,0.012500813802084091,0.07076852049650943
person,0.5545712290207543,0.14450032552083367,0.02039652705192528,0.10877712673611178
person,0.3951152448256811,0.21057647931134316,0.02874163873990388,0.14036194299768626
person,0.6725366516113285,0.1158619068287044,0.02688503011067773,0.12299406828703839
person,0.46080878816048293,0.05945156069155128,0.022086061835288242,0.09463717086226922
person,0.500933939615886,0.6017015516493063,0.03563212076823028,0.16812785734953817
person,0.09285430908203145,0.26656967954282496,0.03899678548177121,0.13013841869213139
person,0.41000630696614637,0.5068598090277792,0.03650533040364697,0.14526186342592856
person,0.5021653451720868,0.18554116030092635,0.032278281490006874,0.13213990162037118
person,0.02841139500339847,0.6693631777939981,0.05682279000679694,0.1774782544595214
person,0.5728504435221358,0.7201098632812513,0.04195536295572992,0.1782061993634283
person,0.8623236810366317,0.10806953486689845,0.03206402873992845,0.11771278211805616
person,0.5317683921257649,0.18542625144675925,0.022989095449446495,0.1152470341435185
person,0.8223498319784803,0.7306280924479168,0.04227258062362604,0.17792900028935207
person,0.8811358141104385,0.10366218171296353,0.02770912822087522,0.11403551793981595
person,0.7710442708333337,0.9192192925347222,0.048131022135417346,0.16156141493055556
person,0.9697038975954053,0.12471849681713089,0.034461017847060425,0.12045189525463211
person,0.9520733661055573,0.06790675636574128,0.02920923221111155,0.1159827835648159
person,0.9790659076968832,0.18533481315330225,0.0336005653937652,0.12431907653808594
person,0.9148455527424812,0.07122967303240835,0.03351459181308674,0.11283695023148337
person,0.5192803853352872,0.08737219690393548,0.021672749837240997,0.10486990017361171
person,0.5034375608364743,0.04964351851851967,0.01947916626930161,0.09928703703703934
