person,0.5551193237304691,0.05796965422453805,0.026165568033854922,0.10036856192129832
person,0.9758672078450521,0.6338177445023154,0.04826558430989583,0.17081112557870493
person,0.7313864849011108,0.08289563539293189,0.024781229893367514,0.12292618108678686
person,0.6819391595749631,0.9531302961722885,0.05156810942150341,0.09373940765542325
person,0.033873779296875454,0.17440303096064916,0.03153906250000091,0.11341616030092795
person,0.19091145892937977,0.492910156250001,0.0343762218952179,0.1420359519675946
person,0.21859765124320973,0.5152390076248731,0.042078375403085594,0.14695998862937443
person,0.23221558973524334,0.4917672164351862,0.024792724609374487,0.11372468171296499
person,0.24782338460286477,0.5076562500000007,0.027447916666667044,0.12222186053240876
person,0.5874475097656253,0.039527778625488626,0.012500813802084091,0.07087037206579125
person,0.5549179087082543,0.1424792028356485,0.02039652705192528,0.10856011284722292
person,0.3957497357527416,0.20799562355324133,0.028958781401316476,0.13940776909722344
person,0.6729134521484378,0.1140556278935192,0.026610595703125857,0.12299406828703839
person,0.4622767752011615,0.059143391927083636,0.02236576557159348,0.09450965711805616
person,0.5012426757812506,0.6044193431712969,0.035847981770834515,0.16734129050926028
person,0.09251007080078143,0.2686358145254639,0.03899678548177121,0.13080244502315003
person,0.4102072143554693,0.504385489004631,0.03650533040364697,0.14622902199074342
person,0.5022553008397415,0.18661498119213019,0.033197938919066354,0.1319922598379641
person,0.029661382337411387,0.6711619924615939,0.059322764674822774,0.17704747305975885
person,0.5713072509765629,0.7157437789351864,0.041427164713542554,0.177549479166669
person,0.8609921890099848,0.10662134693287077,0.031421878019967764,0.11738693576388971
person,0.5319118247429524,0.18665889033564814,0.022989095449446495,0.11524703414351853
person,0.8229375598430638,0.7266085792824076,0.04270845301945923,0.17804210069444473
person,0.8795889289776487,0.10215462239583388,0.02788619128862931,0.11365530960648255
person,0.7707873670789935,0.9168324411651234,0.04798885091145924,0.16633511766975312
person,0.9690313308238981,0.12235517939814934,0.03473030487696261,0.1195859375000024
person,0.950881858150165,0.0672961154513895,0.029555382966993803,0.11644480613426048
person,0.9784268187152018,0.18344558668725286,0.034978637430402415,0.12431907653808597
person,0.9140434286991757,0.06956069155092674,0.03325401234626687,0.11250824652777941
person,0.5194803059895841,0.08870251012731521,0.022132405598959674,0.10501569733796377
person,0.5034375811815263,0.05001851851851959,0.01947916626930161,0.10003703703703919
