person,0.5547604370117192,0.05366436993634361,0.026165568033854922,0.09954336660879833
person,0.9783149210611979,0.641140823929399,0.04337015787760414,0.1680527705439831
person,0.7318094737331078,0.08311620309617891,0.025626902381580288,0.12248504652800253
person,0.6832661946614583,0.9617205584490741,0.05378011067708333,0.07655888310185185
person,0.033294311523437724,0.1754417136863436,0.03227343750000045,0.11411657262731684
person,0.19091145892937977,0.4926809353298621,0.0343762218952179,0.1420359519675946
person,0.21868982648849483,0.515238985923484,0.04189402472178072,0.14695998862937448
person,0.2323974338107642,0.49155291521990846,0.02446362304687438,0.11372468171296499
person,0.24786656697591164,0.5073120117187506,0.027447916666667044,0.1222218605324087
person,0.5874475097656253,0.03879166709052226,0.012500813802084091,0.0711759267736367
person,0.5559579477707542,0.13641583478009295,0.02039652705192528,0.10790907118055623
person,0.39765320853392294,0.200253056278936,0.02961020938555426,0.13654524739583496
person,0.6740438537597662,0.10863679108796363,0.025787292480469997,0.12299406828703839
person,0.4666807363231974,0.05821888563368071,0.02320487678050919,0.09412711588541699
person,0.5021688842773443,0.6125727177372688,0.036495564778646995,0.16498158998842682
person,0.09147735595703144,0.27483421947338077,0.03899678548177121,0.132794524016206
person,0.41080993652343806,0.4969625289351865,0.03650533040364697,0.14913049768518796
person,0.5025251678427056,0.1898364438657417,0.03595691120624469,0.13154933449074266
person,0.033410898844401044,0.6775817242375121,0.06682179768880209,0.17370728528057952
person,0.5666776733398445,0.7026455258969918,0.039842569986980554,0.17557931857639095
person,0.856997712930044,0.10227678313078775,0.029495425860085925,0.1164093967013903
person,0.5323421225945149,0.19035680700231483,0.022989095449446495,0.11524703414351854
person,0.824700743436814,0.7145500397858799,0.04401607020695882,0.1783814019097227
person,0.8749482735792798,0.0976319444444449,0.028417380491891818,0.11251468460648237
person,0.7700163167317714,0.9082479745370372,0.04756233723958445,0.17780960648148167
person,0.9670136305093767,0.11526522714120482,0.035538165966668936,0.11698806423611335
person,0.9473073342839882,0.06546419270833415,0.030593835234640803,0.11783087384259422
person,0.9753659564852718,0.17757901919329622,0.037096496303875404,0.12407441570140723
person,0.9116370565692589,0.06455374710648189,0.032472273945807234,0.11152213541666749
person,0.5200800679524745,0.09269344979745442,0.02351137288411582,0.10545308883101995
person,0.5034376422166823,0.05114351851851939,0.01947916626930161,0.10228703703703879
