person,0.5546408081054691,0.05222927517361212,0.026165568033854922,0.09926830150463165
person,0.979130859375,0.6435818504050935,0.04173828125000002,0.1671333188657425
person,0.7319504700104403,0.08318972566392792,0.025908793210984625,0.12233800167507441
person,0.6857504272460944,0.9684534143518518,0.05151997884114697,0.0630931712962963
person,0.03310115559895849,0.1757879412615751,0.03251822916666697,0.11435004340277981
person,0.19091145892937977,0.4926045283564825,0.0343762218952179,0.1420359519675946
person,0.2187205515702565,0.5152389786896877,0.041832574494679135,0.14695998862937437
person,0.23245804850260451,0.4914814814814825,0.02435392252604099,0.11372468171296499
person,0.24788096110026062,0.5071972656250008,0.027447916666667044,0.12222186053240881
person,0.5874475097656253,0.0385462965788668,0.012500813802084091,0.07127777834291853
person,0.5563046274582544,0.13439471209490775,0.02039652705192528,0.10769205729166735
person,0.3982876994609834,0.19767220052083423,0.029827352046966855,0.1355910734953721
person,0.6744206542968757,0.10683051215277847,0.025512858072917883,0.12299406828703839
person,0.46814872336387603,0.057910716869213064,0.023484580516814426,0.0939996021412039
person,0.5024776204427089,0.6152905092592598,0.03671142578125111,0.16419502314814893
person,0.09113311767578144,0.27690035445601974,0.03899678548177121,0.13345855034722465
person,0.411010843912761,0.49448820891203843,0.03650533040364697,0.15009765625000263
person,0.5026151235103604,0.19091026475694553,0.036876568635304176,0.1314016927083355
person,0.03683024088541723,0.6804041883680569,0.06498535156250114,0.17122866030092862
person,0.5651344807942715,0.6982794415509269,0.03931437174479318,0.17492259837963164
person,0.8556662209033973,0.10082859519676006,0.028853275140125232,0.11608355034722384
person,0.5324855552117024,0.1915894458912037,0.022989095449446495,0.1152470341435185
person,0.8252884713013973,0.7105305266203706,0.04445194260279214,0.17849450231481537
person,0.8734013884464903,0.09612438512731522,0.028594443559646146,0.11213447627314894
person,0.7697590738932296,0.9044372106481483,0.04742016601562587,0.17973668981481516
person,0.9663410637378694,0.1129019097222233,0.03580745299657112,0.11612210648148362
person,0.9461158263285961,0.06485355179398236,0.030939985990523056,0.11829289641203879
person,0.9735832722187047,0.17549090463143835,0.036458211104074205,0.12382975486472853
person,0.9108349325259532,0.06288476562500027,0.032211694478987356,0.1111934317129635
person,0.5202799886067715,0.09402376302083414,0.023971028645834558,0.10559888599537198
person,0.5034376625617343,0.05151851851851933,0.01947916626930161,0.10303703703703866
