person,0.5980732840696971,0.7992687366626887,0.04720735915501907,0.1827967325846368
person,0.6938212698300681,0.743191767939816,0.04158020242055128,0.16643127893518755
person,0.8103520914713545,0.6189728009259263,0.041608317057292274,0.16368402777777774
person,0.6147091947131689,0.4484038507908958,0.03168550639682385,0.13206884162808782
person,0.37105875579516046,0.5438613998978226,0.03504964049657092,0.1658333322030524
person,0.07327195231119825,0.8606487268518525,0.05310192871093818,0.17207291666666782
person,0.4088754073778794,0.39285481770833236,0.030030762672423647,0.14256510416666465
person,0.801895995934805,0.4705281227959522,0.038833007494608884,0.15751819582338583
person,0.9605157470703126,0.2466542787905093,0.03448933919270871,0.12345178674768519
person,0.914979451497396,0.2602409594500511,0.0337084960937504,0.1346662360297308
person,0.9217010912100477,0.16496600850423151,0.0317146824200942,0.10250941862883337
person,0.8912880045572917,0.0979420934606491,0.028528157552083638,0.1196343315972236
person,0.8589475505749381,0.07369473351372681,0.019625000238417317,0.10394545661078695
person,0.7297717578411099,0.10253761461046047,0.01966721359888647,0.1229632500542532
person,0.6345727543036146,0.12520808015046356,0.02339575274785375,0.12025050636574196
person,0.6197169796625779,0.14507664207176008,0.02523767026265394,0.11740227141203867
person,0.4962796930472056,0.2768829933449076,0.030407286485036225,0.13108731192129672
person,0.5826435956160234,0.12972149841873706,0.02354614305496175,0.10125940308747415
person,0.3801403508186337,0.21481971712465703,0.028343445777892384,0.13193573054560792
person,0.31616296354929585,0.3685539279513897,0.03481982358296663,0.12766992187500162
person,0.3121964636643732,0.27215845630787017,0.026179222901663125,0.08973213252314763
person,0.42528645837306994,0.1097273039641203,0.01717708341280589,0.12078417968749985
person,0.4511379801432292,0.11266030092592634,0.021530110677083474,0.12104976851851933
person,0.5323188068072001,0.2026890922828955,0.0266511227289822,0.13375058039912432
person,0.49313301595052095,0.09806141535441183,0.017775634765625152,0.11198828209771011
person,0.16646629696800627,0.04864459725839201,0.025728120349702975,0.09728919451678401
person,0.05862967981398109,0.1687059297208434,0.025022054940462033,0.11009053421020527
person,0.13821504290898645,0.5818955801504638,0.04321922969818123,0.162468098958335
person,0.19190934244791738,0.5178318504050926,0.033040283203126436,0.1393362991898148
person,0.21627058919270895,0.5397301121464493,0.040216145833334535,0.14758233077438013
person,0.22937921174367337,0.49994513052481204,0.021804728825887486,0.11164807354962387
person,0.2497277832031252,0.5284515154803241,0.02627360026041705,0.1226806640625
person,0.684820679744085,0.04634819878472357,0.019433351675669404,0.09269639756944714
person,0.664462045331796,0.07269813368055685,0.015048765142758687,0.06841854745370626
person,0.840362673838933,0.07615861822057654,0.02230859963099121,0.09948954546893084
person,0.9481582841873165,0.6116849320023159,0.047566893895465985,0.17267831307870574
person,0.7258437583446501,0.032898252699110515,0.022261247158050303,0.06579650539822103
person,0.4855363769531256,0.04166770935058594,0.01911474609375124,0.08148356684932002
