person,0.5538412679036462,0.04785391348379731,0.025709065755208965,0.09570782696759463
person,0.9816521538628471,0.6600362292631181,0.036695692274305594,0.16844605999228546
person,0.7321016847292589,0.08291135123924034,0.025538655916850908,0.12204391196921818
person,0.03131998697916667,0.17630114293981564,0.03152669270833334,0.11421252893518681
person,0.19139343321323393,0.49205389178240827,0.0343762218952179,0.14344372106481665
person,0.2188434518973033,0.5152389497545024,0.041586773586272614,0.14695998862937443
person,0.2327005072699657,0.4911957465277788,0.023915120442707494,0.11372468171296499
person,0.24835734049479186,0.5064172815393525,0.027447916666667044,0.1222218605324087
person,0.5877496744195624,0.03748148148148175,0.012583984255791117,0.0712592592592598
person,0.5568486541509626,0.1268400969328707,0.02039652705192528,0.10725802951388956
person,0.40003869613011694,0.18883825231481582,0.02964184538523374,0.13368272569444647
person,0.675714457194011,0.09882157841435267,0.025279418945313735,0.12193786168981643
person,0.4740332042376197,0.056733036747685185,0.02189941628773949,0.09374457465277779
person,0.5030940348307297,0.62773509837963,0.03748527018229275,0.16341869212963026
person,0.08979054768880228,0.2836028645833344,0.03899678548177121,0.13527575231481695
person,0.41169773356119854,0.4835214120370384,0.0362148844401054,0.15203197337963234
person,0.5028656728267669,0.19535355179398284,0.038336163361866876,0.13110640914352123
person,0.04174731445312564,0.6885546513310193,0.06044287109375129,0.17137217881944608
person,0.5579738362630217,0.6796040219907415,0.03931437174479318,0.1708660300925941
person,0.8493873921632774,0.09550611255787132,0.02810811765988544,0.11483962673611302
person,0.5336330161492024,0.19573773871527786,0.022989095449446495,0.11461711516203717
person,0.8273742458820349,0.6934582971643523,0.044081825097400794,0.17872070312500069
person,0.8679306041797002,0.09003186487268572,0.027965049505233232,0.11108441840277886
person,0.768850118001302,0.8854182942708341,0.04700809733072901,0.1826819299768532
person,0.9636088654994969,0.10459816261574176,0.03561356433232537,0.11439019097222425
person,0.9426989766756696,0.061239149305556566,0.030773197491962515,0.11604021990740943
person,0.9664525351524359,0.16713844638400688,0.03390507030486939,0.12285111151801377
person,0.9078532227277761,0.05820077401620371,0.03106061212221635,0.10955548321759259
person,0.5222528076171881,0.09714482060185288,0.023931884765626067,0.10589048032407611
person,0.013515575091044335,0.38562946658664315,0.02703115018208867,0.13574207842791583
person,0.5034377032518383,0.05310185255827862,0.01947916626930161,0.10287037178321852
