person,0.5535611267089846,0.04710132740162138,0.025480814615885923,0.09420265480324276
person,0.9820968627929687,0.6658223922164359,0.0358062744140625,0.17002188223379766
person,0.7320362958113358,0.08269864145914754,0.025071696440379772,0.12204391196921818
person,0.030622558593749998,0.17621151620370443,0.030786132812499995,0.11391030092592734
person,0.19163442035516104,0.49185498046875087,0.0343762218952179,0.1441476056134275
person,0.21887417697906497,0.515238942520706,0.04152532335917103,0.14695998862937443
person,0.23276112196180598,0.49112431278935287,0.023805419921874134,0.11372468171296499
person,0.2485811360677085,0.5061420355902785,0.027447916666667044,0.12222186053240881
person,0.587900756746531,0.03719444444444468,0.012625569482644749,0.07114814814814863
person,0.5567739878098168,0.12508391203703736,0.02039652705192528,0.10725802951388956
person,0.40027970353762327,0.18700213396990845,0.029331949392954706,0.13368272569444647
person,0.6759845581054693,0.09662339048032495,0.025437133789063537,0.12140975839120545
person,0.47550745763381297,0.056452365451388896,0.020827130436896723,0.09374457465277779
person,0.5030935058593755,0.6312396014178244,0.03765633138020933,0.16381709346064888
person,0.0894635009765627,0.28488798466435283,0.03899678548177121,0.1355203269675945
person,0.4118402709960944,0.4805123336226865,0.03606966145833456,0.15203197337963234
person,0.5029009918173153,0.19650137442129767,0.038146303296088806,0.13110640914352123
person,0.04297658284505275,0.6905922670717599,0.05930725097656383,0.17140805844907542
person,0.556183675130209,0.6749351671006951,0.03931437174479318,0.16985188802083467
person,0.8475794698198641,0.09429305917245462,0.02837768963972624,0.11454351128472404
person,0.5340633140007649,0.19657924623842601,0.022989095449446495,0.11430215567129652
person,0.8278294053077704,0.6889416956018523,0.04346089394887175,0.17872070312500069
person,0.8667420971790949,0.08849316406250064,0.027473289410272626,0.11093959780092721
person,0.7686528828938805,0.8728677481192133,0.046944234212240116,0.16852376302083402
person,0.9629153331518178,0.10280960648148249,0.035247332970300485,0.11439019097222425
person,0.9421820598045988,0.06004258897569546,0.030343652486799873,0.11445185908565017
person,0.9646698508858688,0.165050331822149,0.03326678510506819,0.12260645068133509
person,0.9071644918719936,0.05752775969328704,0.03074565041065078,0.10906521267361112
person,0.5230392964680995,0.09737503616898248,0.02345265706380329,0.10589048032407608
person,0.0141257012685143,0.3867912478976784,0.0282514025370286,0.13641308028609742
person,0.5036347959438956,0.05425632114763736,0.01947916626930161,0.10340865647351073
