person,0.5532809855143231,0.04634874131944546,0.025252563476563003,0.09269748263889092
person,0.9825415717230903,0.6716085551697537,0.0349168565538194,0.17159770447530984
person,0.7319709068934128,0.08248593167905474,0.024604736963908636,0.12204391196921818
person,0.02992513020833333,0.17612188946759322,0.030045572916666666,0.11360807291666788
person,0.19187540749708812,0.49165606915509336,0.0343762218952179,0.1448514901620385
person,0.21890490206082672,0.5152389352869097,0.04146387313206938,0.14695998862937448
person,0.23282173665364628,0.491052879050927,0.023695719401040746,0.11372468171296499
person,0.2488049316406252,0.5058667896412045,0.027447916666667044,0.12222186053240876
person,0.5880518390734993,0.03690740740740761,0.012667154709498262,0.07103703703703744
person,0.556699321468671,0.12332772714120406,0.02039652705192528,0.10725802951388957
person,0.4005207109451296,0.18516601562500098,0.029022053400675554,0.13368272569444645
person,0.6762546590169276,0.09442520254629724,0.025594848632813458,0.12088165509259449
person,0.47698171103000614,0.05617169415509259,0.01975484458605402,0.09374457465277779
person,0.5030929768880213,0.6347441044560189,0.037827392578126035,0.16421549479166736
person,0.08913645426432311,0.28617310474537117,0.03899678548177121,0.135764901620372
person,0.4119828084309902,0.47750325520833475,0.03592443847656378,0.1520319733796324
person,0.5029363108078638,0.19764919704861245,0.03795644323031067,0.1311064091435212
person,0.04420585123697984,0.6926298828125006,0.058171630859376364,0.17144393807870478
person,0.5543935139973966,0.6702663122106487,0.03931437174479318,0.16883774594907527
person,0.845771547476451,0.09308000578703791,0.028647261619567033,0.1142473958333351
person,0.5344936118523274,0.19742075376157422,0.022989095449446495,0.11398719618055579
person,0.8282845647335056,0.6844250940393523,0.04283996280034295,0.17872070312500069
person,0.8655535901784895,0.08695446325231557,0.02698152931531202,0.11079477719907556
person,0.7684556477864589,0.8603172019675926,0.04688037109375121,0.15436559606481481
person,0.9622218008041387,0.10102105034722324,0.034881101608275365,0.11439019097222425
person,0.9416651429335277,0.058846028645834346,0.02991410748163723,0.11286349826389092
person,0.76368874112765,0.9675582320601852,0.04858313004175822,0.06488353587962963
person,0.9628871666193015,0.16296221726029117,0.032628499905266985,0.12236178984465639
person,0.9064757610162106,0.05685474537037037,0.030430688699085214,0.10857494212962963
person,0.5238257853190109,0.09760525173611212,0.022973429361980338,0.1058904803240761
person,0.014735827445984265,0.3879530292087136,0.02947165489196853,0.13708408214427908
person,0.5038318886359529,0.055410789736996084,0.01947916626930161,0.10394694116380294
