person,0.5524405619303387,0.04409098307291768,0.024567810058594,0.08818196614583536
person,0.9834309895833333,0.6831808810763893,0.03313802083333333,0.17474934895833402
person,0.7317747401396437,0.08184780233877637,0.023203858534495227,0.12204391196921818
person,0.027832845052083336,0.17585300925925956,0.02782389322916667,0.1127013888888895
person,0.19259836892286936,0.4910593352141209,0.0343762218952179,0.1469631438078715
person,0.2189970773061118,0.5152389135855207,0.04127952245076451,0.14695998862937437
person,0.23300358072916716,0.49083857783564916,0.02336661783854064,0.11372468171296499
person,0.2494763183593752,0.5050410517939822,0.027447916666667044,0.1222218605324087
person,0.5885050860544049,0.036046296296296396,0.012791910390058803,0.07070370370370391
person,0.5564753224452335,0.11805917245370405,0.02039652705192528,0.10725802951388956
person,0.4012437331676485,0.1796576605902788,0.028092365423838098,0.13368272569444647
person,0.6770649617513023,0.08783063874421411,0.02606799316406298,0.11929734519676156
person,0.4814044712185858,0.055329680266203704,0.016537987033525898,0.09374457465277779
person,0.5030913899739587,0.6452576135706022,0.0383405761718759,0.16541069878472286
person,0.08815531412760436,0.2900284649884263,0.03899678548177121,0.13649862557870449
person,0.4124104207356778,0.46847601996527916,0.03548876953125143,0.15203197337963234
person,0.5030422677795093,0.2010926649305569,0.03738686303297639,0.13110640914352123
person,0.04789365641276116,0.6987427300347224,0.054764770507813976,0.17155157696759288
person,0.5490230305989592,0.6562597475405098,0.03931437174479324,0.16579531973379713
person,0.8403477804462118,0.08944084563078782,0.029455977559089182,0.11335904947916824
person,0.5357845054070149,0.19994527633101877,0.022989095449446495,0.1130423177083338
person,0.8296500430107119,0.6708752893518523,0.04097716935475629,0.17872070312500069
person,0.8619880691766736,0.0823383608217603,0.0255062490304302,0.1103603153935206
person,0.7678639424641934,0.8434058521412041,0.046688781738282614,0.15337348090277847
person,0.9601412037611012,0.09565538194444546,0.033782407522200464,0.11439019097222425
person,0.9401143923203146,0.055256347656251016,0.02862547246614954,0.10809841579861314
person,0.760274281899134,0.958200412326389,0.05119838476180973,0.08359917534722222
person,0.9589325260519987,0.156688151041668,0.031791972676911466,0.12167925347222487
person,0.904409568448862,0.054835702401620376,0.029485803564388274,0.10710413049768518
person,0.5261852518717454,0.09829589843750103,0.021535746256511484,0.10589048032407611
person,0.01656620597839416,0.39143837314181945,0.03313241195678832,0.13909708771882395
person,0.5044231667121247,0.05887419550507229,0.01947916626930161,0.1055617952346796
