person,0.5521604207356771,0.043338396990741754,0.024339558919270962,0.08667679398148351
person,0.7317093512217206,0.08163509255868356,0.022736899058024087,0.12204391196921818
person,0.027135416666666662,0.17576338252314835,0.02708333333333333,0.11239916087963003
person,0.19283935606479646,0.49086042390046347,0.0343762218952179,0.14766702835648238
person,0.21902780238787348,0.5152389063517243,0.04121807222366292,0.14695998862937443
person,0.23306419542100748,0.4907671440972233,0.023256917317707248,0.11372468171296499
person,0.24970011393229186,0.5047658058449082,0.027447916666667044,0.12222186053240881
person,0.5886561683813735,0.03575925925925933,0.012833495616912435,0.07059259259259273
person,0.5564006561040877,0.1163029875578707,0.02039652705192528,0.10725802951388956
person,0.4014847405751548,0.1778215422453714,0.027782469431559063,0.13368272569444647
person,0.6773350626627606,0.0856324508101864,0.02622570800781278,0.11876924189815058
person,0.4828787246147791,0.055049008969907415,0.015465701182683133,0.09374457465277779
person,0.5030908610026046,0.6487621166087967,0.038511637369792476,0.16580910011574146
person,0.08782826741536477,0.2913135850694447,0.03899678548177121,0.13674320023148204
person,0.41255295817057364,0.46546694155092727,0.03534354654948058,0.15203197337963234
person,0.5030775867700578,0.20224048755787175,0.03719700296719832,0.13110640914352123
person,0.04912292480468826,0.700780345775463,0.05362915039062652,0.17158745659722222
person,0.5472328694661466,0.6515908926504633,0.03931437174479318,0.1647811776620377
person,0.8385398581027985,0.08822779224537111,0.029725549538929977,0.11306293402777925
person,0.5362148032585774,0.20078678385416693,0.022989095449446495,0.11272735821759315
person,0.8301052024364474,0.6663586877893523,0.040356238206227246,0.17872070312500069
person,0.8607995621760681,0.08079966001157522,0.025014488935469596,0.11021549479166896
person,0.7676667073567716,0.8377687355324078,0.04662491861979312,0.15304277584876638
person,0.9594476714134221,0.0938668258101862,0.03341617616017558,0.11439019097222425
person,0.9395974754492438,0.0540597873263899,0.028195927460986897,0.10651005497685387
person,0.7591361288229621,0.95508113908179,0.05207013633516032,0.08983772183641979
person,0.9585432540178304,0.15459031394676054,0.03223201584815835,0.1214860387731507
person,0.9037208375930793,0.054162688078703704,0.029170841852822704,0.10661385995370372
person,0.5269717407226568,0.09852611400463063,0.021056518554688708,0.10589048032407608
person,0.6176661511262258,0.964208984375,0.039659694830576575,0.07158203125
person,0.017176332155864126,0.3926001544528547,0.03435266431172825,0.13976808957700557
person,0.5046202594041821,0.06002866409443102,0.01947916626930161,0.10610007992497181
