person,0.5518802795410156,0.04258581090856583,0.02411130777994804,0.08517162181713166
person,0.7316439623037977,0.08142238277859078,0.02226993958155295,0.12204391196921818
person,0.026437988281249998,0.17567375578703714,0.026342773437499998,0.11209693287037058
person,0.19308034320672354,0.490661512586806,0.0343762218952179,0.14837091290509338
person,0.2190585274696352,0.515238899117928,0.041156621996561275,0.14695998862937443
person,0.23312481011284777,0.49069571035879733,0.02314721679687392,0.11372468171296499
person,0.2499239095052085,0.504490559895834,0.027447916666667044,0.12222186053240876
person,0.588807250708342,0.03547222222222226,0.012875080843765948,0.07048148148148155
person,0.5563259897629418,0.11454680266203739,0.02039652705192528,0.10725802951388957
person,0.4017257479826611,0.17598542390046396,0.02747257343927991,0.13368272569444645
person,0.6776051635742188,0.0834342628761587,0.0263834228515627,0.11824113859953961
person,0.48435297801097227,0.054768337673611105,0.014393415331840428,0.09374457465277779
person,0.5030903320312504,0.6522666196469912,0.03868269856770917,0.16620750144675997
person,0.08750122070312519,0.2925987051504631,0.03899678548177121,0.13698777488425953
person,0.41269549560546953,0.4624578631365755,0.0351983235677098,0.1520319733796324
person,0.5031129057606063,0.20338831018518652,0.03700714290142019,0.1311064091435212
person,0.05046576944987047,0.704341037326389,0.053464294433595114,0.17246607349537044
person,0.5455588175455737,0.6475243961192948,0.0385761311848972,0.16395120832655194
person,0.8367319357593854,0.08701473885995441,0.029995121518770772,0.11276681857639032
person,0.5366451011101399,0.2016282913773151,0.022989095449446495,0.11241239872685244
person,0.8305603618621826,0.6618420862268523,0.03973530705769844,0.17872070312500069
person,0.8596110551754629,0.07926095920139015,0.02452272884050899,0.11007067418981731
person,0.7674694722493496,0.8321316189236118,0.04656105550130351,0.15271207079475418
person,0.958754139065743,0.09207826967592694,0.03304994479815046,0.11439019097222425
person,0.9390805585781727,0.052863226996528796,0.027766382455824256,0.10492169415509463
person,0.7579979757467901,0.9519618658371914,0.05294188790851066,0.09607626832561725
person,0.958153981983662,0.1524924768518531,0.03267205901940523,0.12129282407407659
person,0.9030321067372964,0.05348967375578704,0.028855880141257135,0.10612358940972222
person,0.5277582295735682,0.09875632957176027,0.020577290852865755,0.1058904803240761
person,0.6176661511262258,0.9614563440393525,0.039659694830576575,0.07708731192129495
person,0.01778645833333409,0.3937619357638899,0.03557291666666818,0.1404390914351872
person,0.5048173520962393,0.061183132683789755,0.01947916626930161,0.10663836461526402
