person,0.5513724772135417,0.041761013454862154,0.024130045572916595,0.08352202690972431
person,0.7317288520932198,0.0812506342287408,0.02188490959008481,0.12170084889729643
person,0.025533548990885415,0.17598576750578712,0.025807902018229162,0.11208402054398162
person,0.19328002989292145,0.4902054398148151,0.0343762218952179,0.1490747974537044
person,0.21897540175914787,0.5147961297211815,0.04123925566673261,0.14695554069236297
person,0.23318540445963587,0.49036711516203807,0.023037516276040528,0.11372468171296499
person,0.2501891072591148,0.5040684678819451,0.027447916666667044,0.12222186053240876
person,0.5889583330353105,0.03518518518518519,0.01291666607061946,0.07037037037037037
person,0.5565291756987569,0.11150535300925961,0.020373821775118137,0.10725802951388956
person,0.40215266847610487,0.1725886320891213,0.02716267744700076,0.13401334635416856
person,0.6780100911458333,0.07928982204861247,0.02652148437500017,0.11771303530092862
person,0.4865315767526628,0.054487666377314815,0.014146486838658311,0.09374457465277779
person,0.5032385253906254,0.6605318648726856,0.03885375976562576,0.16819552951388958
person,0.08648212687174502,0.2950954137731483,0.03926511637369837,0.13686472800925947
person,0.4128629150390632,0.45618905526620507,0.03480541992187641,0.15132884837963229
person,0.5038242601950964,0.20619478804976973,0.03632576648394223,0.13136382378472466
person,0.05315145874023491,0.7114624204282409,0.05313458251953231,0.1742233072916669
person,0.5422107137044276,0.6393914030569577,0.03709965006510541,0.16229126965558063
person,0.8333952249487242,0.08513454861111179,0.03076933173338586,0.11287905092592729
person,0.5371720582445456,0.20404032841435224,0.023058919548987155,0.11217860243055634
person,0.8315015037457149,0.6527354058159726,0.03963203581174213,0.17761924913194513
person,0.8570245583057398,0.07629897280092725,0.023766523838042036,0.10958723958333595
person,0.7666521199544278,0.8214265769675934,0.04633117675781406,0.1515727719907422
person,0.9578350918491682,0.08301589023919832,0.032337257266043314,0.10296031057098924
person,0.9376019513607018,0.05097685185185279,0.027194584687549414,0.10195370370370559
person,0.7561901042196484,0.9448459201388889,0.05430864810943549,0.11030815972222223
person,0.9573754379153252,0.14829680266203824,0.033552145361899,0.12090639467592829
person,0.9017628807226821,0.0522062897858797,0.02829651339848726,0.1044125795717594
person,0.5293262227972354,0.09989796730324173,0.020308125933012396,0.10597757523148345
person,0.6173430378039678,0.9558393373842604,0.039806721766789836,0.08832132523147902
person,0.01789062500000076,0.39746708622685284,0.03578125000000152,0.1413621238425946
person,0.5050144447882966,0.06375444878472267,0.01947916626930161,0.10732443576388977
