person,0.5511448160807291,0.04168880208333441,0.024377034505208308,0.08337760416666883
person,0.731879130800565,0.08129159545898364,0.021966839075087917,0.1213577858253747
person,0.0253265380859375,0.1763874059606483,0.026013590494791666,0.11237333622685212
person,0.19323872943719228,0.4899482783564818,0.0343762218952179,0.14907479745370433
person,0.21886155096689888,0.5143533675582312,0.04138333956400553,0.1469510927553515
person,0.23318538411458367,0.4901099537037047,0.023037516276040528,0.11372468171296493
person,0.25023050944010433,0.5039216218171303,0.027447916666667044,0.1222218605324087
person,0.5889583330353105,0.03518518518518519,0.01291666607061946,0.07037037037037037
person,0.556807027975718,0.11022008825231516,0.02035111649831111,0.10725802951388957
person,0.40233858156204233,0.17102795862268608,0.02716267744700076,0.13434396701389065
person,0.6781449178059896,0.07734356915509395,0.026501831054687605,0.11771303530092864
person,0.48723592209816,0.054487666377314815,0.01497184419631896,0.09374457465277779
person,0.5033872477213546,0.6652926070601856,0.03885375976562576,0.16978515625000068
person,0.08579007975260443,0.296307002314815,0.039533447265625535,0.1364971064814819
person,0.4128877970377611,0.4529293258101865,0.034557739257813816,0.15062572337963237
person,0.5045002956390382,0.20785344328703811,0.03583425013224233,0.1316212384259281
person,0.05449430338541713,0.7150231119791668,0.05296972656250091,0.1751019241898151
person,0.5405366617838546,0.6353249065257892,0.03636140950520943,0.16146130032009487
person,0.831866436481476,0.08446741174768585,0.031273969968160266,0.1132873987268532
person,0.5372687175273889,0.20561085792824121,0.023128743648527815,0.11225976562500095
person,0.8319874862035116,0.648145326967593,0.040149695714314974,0.17651779513888968
person,0.855626568436622,0.07487568721064942,0.023502078930535693,0.10924862557870628
person,0.7660320027669278,0.8163586516203712,0.04616516113281399,0.1507641782407423
person,0.9576095769802727,0.07574206693672896,0.031990801095961176,0.0915304301697542
person,0.936640261014302,0.050287037037037914,0.02705233192443721,0.10057407407407583
person,0.7555203857686784,0.9408492476851852,0.05480365673700985,0.11830150462962963
person,0.9569861658811568,0.14619896556713077,0.03399218853314589,0.12071317997685417
person,0.9011823855638506,0.05159592013888903,0.02805210836728295,0.10319184027777806
person,0.530107727169991,0.10080938946759355,0.02051818871498199,0.10606467013889077
person,0.6170199244817098,0.952974971064816,0.0399537487030031,0.09405005787036824
person,0.01794270833333409,0.39931966145833436,0.03588541666666818,0.14182364004629833
person,0.5050144447882966,0.06517129629629682,0.01947916626930161,0.1074722222222233
