person,0.5502341715494791,0.04139995659722343,0.02536499023437493,0.08279991319444686
person,0.732480245629946,0.08145544037995496,0.022294557015100008,0.11998553353768768
person,0.024498494466145833,0.177993959780093,0.026836344401041663,0.11353059895833413
person,0.1930735276142756,0.48891963252314846,0.0343762218952179,0.1490747974537044
person,0.21840614779790293,0.5125823189064306,0.04195967515309729,0.14693330100730573
person,0.23318530273437488,0.48908130787037135,0.023037516276040528,0.11372468171296499
person,0.2503961181640627,0.503334237557871,0.027447916666667044,0.12222186053240876
person,0.5889583330353105,0.03518518518518519,0.01291666607061946,0.07037037037037037
person,0.5579184370835621,0.10507902922453738,0.020260295391082768,0.10725802951388956
person,0.4030822339057922,0.16478526475694505,0.02716267744700076,0.135666449652779
person,0.6786842244466148,0.06955855758101988,0.02642321777343805,0.11771303530092862
person,0.4899481201171881,0.054487666377314815,0.018645426432292802,0.09374457465277779
person,0.5039821370442712,0.6843355758101856,0.03885375976562576,0.17614366319444513
person,0.08302189127604208,0.3011533564814821,0.040606770833334166,0.1350266203703716
person,0.4129873250325526,0.43989040798611245,0.03356701660156354,0.1478132233796323
person,0.5072044374148049,0.21448806423611166,0.03386818472544289,0.1326508969907418
person,0.05986568196614599,0.7292658781828707,0.05231030273437531,0.17861639178240798
person,0.5338404541015628,0.6190589204011152,0.033408447265625675,0.158141422978152
person,0.8257512826124831,0.08179886429398216,0.03329252290725779,0.11492078993055692
person,0.5376553546587619,0.21189297598379703,0.023408040046690518,0.11258441840277925
person,0.8339314160346987,0.6297850115740746,0.042220335324605666,0.17211197916666768
person,0.8500346089601509,0.06918254484953819,0.022444299300510312,0.10789416956018748
person,0.7635515340169279,0.7960869502314826,0.04550109863281406,0.14752980324074288
person,0.9567077209552122,0.06262713396990875,0.030604976415632854,0.07777042341821257
person,0.9327934996287026,0.047527777777778384,0.026483320871988052,0.09505555555555677
person,0.7517810698350269,0.9292435257523148,0.05466222570056006,0.14151294849537038
person,0.9554290777444834,0.137807617187501,0.035752361218133424,0.11994032118055759
person,0.898860404928525,0.04915444155092633,0.02707448824246595,0.09830888310185266
person,0.5332337446610135,0.10445507812500081,0.021358439842860358,0.10641304976852015
person,0.6157274711926779,0.9415175057870376,0.040541856447855906,0.11696498842592482
person,0.018151041666667426,0.4067299623842603,0.03630208333333485,0.14366970486111313
person,0.5050144447882966,0.07083868634259353,0.01947916626930161,0.10806336805555744
person,0.9847629123263895,0.3415082437020761,0.030473497178820707,0.14968315407081886
