person,0.5500065104166666,0.04132774522569569,0.025611979166666642,0.08265549045139138
person,0.7326305243372911,0.08149640161019779,0.022376486500103116,0.11964247046576594
person,0.024291483561197917,0.17839559823495418,0.027042032877604164,0.11381991464120465
person,0.19303222715854643,0.48866247106481514,0.0343762218952179,0.14907479745370433
person,0.21829229700565395,0.5121395567434804,0.042103759050370206,0.14692885307029427
person,0.2331852823893227,0.48882414641203803,0.023037516276040528,0.11372468171296493
person,0.2504375203450523,0.5031873914930562,0.027447916666667044,0.1222218605324087
person,0.5889583330353105,0.03518518518518519,0.01291666607061946,0.07037037037037037
person,0.5581962893605232,0.10379376446759295,0.02023759011427574,0.10725802951388957
person,0.40326814699172964,0.1632245912905098,0.02716267744700076,0.13599707031250108
person,0.6788190511067711,0.06761230468750136,0.026403564453125482,0.11771303530092864
person,0.4905991617838547,0.054487666377314815,0.019947509765626138,0.09374457465277779
person,0.5041308593750004,0.6890963179976856,0.03885375976562576,0.17773328993055623
person,0.0823298441569015,0.30236494502314887,0.04087510172526133,0.134658998842594
person,0.41301220703125047,0.43663067853009396,0.033319335937500937,0.14711009837963238
person,0.5078804728587466,0.21614671947338004,0.033376668373743,0.13290831163194525
person,0.0612085266113282,0.7328265697337966,0.0521454467773439,0.17949500868055618
person,0.5321664021809898,0.6149924238699467,0.0326702067057297,0.15731145364266624
person,0.8242224941452347,0.08113172743055623,0.0337971611420322,0.11532913773148283
person,0.5377520139416051,0.213463505497686,0.023477864146231178,0.11266558159722385
person,0.8344173984924955,0.6251949327256949,0.04273799522717851,0.17101052517361223
person,0.8486366190910333,0.06775925925926038,0.02217985439300397,0.10755555555555779
person,0.7629314168294279,0.7910190248842605,0.04533508300781399,0.146721209490743
person,0.9564826129873587,0.060150462962964314,0.030258520245550712,0.07593364197531134
person,0.9318318092823027,0.046837962962963504,0.026341068108875848,0.09367592592592701
person,0.7507578706741332,0.926707175925926,0.054450079145885275,0.14658564814814815
person,0.9542686212559538,0.1350583224826399,0.034786021808782173,0.11895742910879832
person,0.8982799097696935,0.048544071903935664,0.02683008321126164,0.09708814380787133
person,0.5340152490337692,0.10536650028935263,0.02156850262482995,0.10650014467592747
person,0.6154043578704199,0.9386531394675931,0.04068888338406917,0.12269372106481403
person,0.018203125000000757,0.4085825376157418,0.036406250000001514,0.14413122106481685
person,0.5050144447882966,0.0722555338541677,0.01947916626930161,0.10821115451389098
person,0.9841447618272573,0.33775134333857887,0.03170912000868119,0.1521693533438203
