person,0.5497788492838542,0.04125553385416795,0.025858968098958355,0.0825110677083359
person,0.7327808030446366,0.08153736284044061,0.02245841598510611,0.11929940739384416
person,0.02408447265625,0.17879723668981534,0.027247721354166667,0.11410923032407515
person,0.19299092670281728,0.4884053096064819,0.0343762218952179,0.14907479745370444
person,0.218178446213405,0.5116967945805304,0.04224784294764315,0.14692440513328286
person,0.23318526204427048,0.48856698495370476,0.023037516276040528,0.11372468171296504
person,0.25047892252604187,0.5030405454282415,0.027447916666667044,0.12222186053240881
person,0.5889583330353105,0.03518518518518519,0.01291666607061946,0.07037037037037037
person,0.5584741416374844,0.10250849971064847,0.020214884837468715,0.10725802951388955
person,0.40345406007766715,0.16166391782407455,0.02716267744700076,0.13632769097222316
person,0.6789538777669274,0.06566605179398283,0.026383911132813152,0.11771303530092861
person,0.4935878499348964,0.05377875434027778,0.019947509765626138,0.09374457465277779
person,0.5042795817057295,0.6938570601851856,0.03885375976562576,0.17932291666666736
person,0.0816377970377609,0.3035765335648157,0.04114343261718848,0.13429137731481644
person,0.41303708902994835,0.4333709490740754,0.03307165527343846,0.1464069733796323
person,0.5085565083026883,0.21780537471064843,0.03288515202204323,0.13316572627314868
person,0.06255137125651042,0.7363872612847225,0.0519805908203125,0.18037362557870437
person,0.5304923502604169,0.6109259273387782,0.03193196614583371,0.15648148430718048
person,0.8226937056779866,0.08046459056713032,0.03430179937680648,0.11573748553240876
person,0.5378486732244485,0.21503403501157495,0.0235476882457719,0.11274674479166841
person,0.8349033809502923,0.6206048538773156,0.04325565512975113,0.1699090711805568
person,0.8472386292219154,0.06633597366898256,0.021915409485497625,0.10721694155092808
person,0.7623112996419278,0.7859510995370382,0.04516906738281404,0.1459126157407432
person,0.956257505019505,0.05767379195601987,0.029912064075468453,0.0740968605324101
person,0.930870118935903,0.04614814814814862,0.02619881534576353,0.09229629629629724
person,0.7497346715132392,0.924170826099537,0.0542379325912106,0.15165834780092594
person,0.9531081647674241,0.13230902777777878,0.033819682399430916,0.11797453703703906
person,0.8976994146108623,0.04793370225694498,0.02658567818005733,0.09586740451388996
person,0.5347967534065248,0.10627792245370445,0.021778565406799545,0.10658723958333483
person,0.6150812445481619,0.9357887731481485,0.04083591032028219,0.12842245370370314
person,0.01825520833333409,0.4104351128472233,0.03651041666666818,0.1445927372685205
person,0.5050144447882966,0.07367238136574189,0.01947916626930161,0.10835894097222452
person,0.9835276285807292,0.33297627766927085,0.032944742838541666,0.15669329607928242
