person,0.5495511881510418,0.04118332248264021,0.02610595703125007,0.08236664496528041
person,0.7329310817519817,0.08157832407068344,0.02254034547010922,0.11895634432192242
person,0.023877461751302082,0.17919887514467653,0.027453409830729168,0.11439854600694567
person,0.1929496262470881,0.4881481481481485,0.0343762218952179,0.1490747974537044
person,0.218064595421156,0.5112540324175802,0.04239192684491607,0.1469199571962714
person,0.23318524169921828,0.48830982349537144,0.023037516276040528,0.11372468171296499
person,0.25052032470703145,0.5028936993634266,0.027447916666667044,0.12222186053240876
person,0.5889583330353105,0.03518518518518519,0.01291666607061946,0.07037037037037037
person,0.5587519939144454,0.10122323495370404,0.02019217956066169,0.10725802951388956
person,0.4036399731636046,0.16010324435763928,0.02716267744700076,0.13665831163194528
person,0.6790887044270837,0.06371979890046431,0.026364257812500586,0.11771303530092862
person,0.5044283040364587,0.6986178023726856,0.03885375976562576,0.18091254340277846
person,0.08094574991862033,0.3047881221064824,0.04141176350911565,0.13392375578703886
person,0.4130619710286462,0.43011121961805693,0.032823974609375854,0.14570384837963235
person,0.5092325437466301,0.2194640299479168,0.03239363567034334,0.13342314091435212
person,0.06255137125651042,0.7363872612847225,0.0519805908203125,0.18037362557870437
person,0.529803670247396,0.6083364988256394,0.03193196614583371,0.15619737554479463
person,0.8211649172107384,0.07979745370370438,0.03480643761158089,0.11614583333333468
person,0.5379453325072917,0.21660456452546392,0.02361751234531256,0.11282790798611303
person,0.835389363408089,0.6160147750289359,0.04377331503232398,0.16880761718750134
person,0.8458406393527977,0.06491268807870475,0.021650964577991278,0.10687832754629838
person,0.7616911824544278,0.7808831741898161,0.04500305175781397,0.14510402199074332
person,0.9560324987769125,0.05707953559027896,0.02956560790538655,0.076026114004632
person,0.9299084285895031,0.04545833333333374,0.02605656258265133,0.09091666666666748
person,0.7487114723523455,0.9216344762731482,0.054025786036535926,0.1567310474537037
person,0.9519477082788945,0.12955973307291768,0.032853342990079665,0.1169916449652798
person,0.8971189194520308,0.04732333260995431,0.026341273148853026,0.09464666521990862
person,0.5355782577792804,0.10718934461805626,0.021988628188769135,0.10667433449074215
person,0.614758131225904,0.9329244068287038,0.040982937256495454,0.13415118634259238
person,0.018307291666667426,0.41228768807870475,0.03661458333333485,0.14505425347222425
person,0.5050144447882966,0.07508922887731607,0.01947916626930161,0.10850672743055806
person,0.9829096476236979,0.3303308416295935,0.034180704752604166,0.1569579795554832
