person,0.5969019779364273,0.7821026498300059,0.04759179766972963,0.16920385290075235
person,0.6870956638654069,0.7476794704861122,0.04487915325164676,0.16804846643518734
person,0.8123267008463544,0.6299826388888893,0.04174243164062545,0.16921990740740778
person,0.6152046407858532,0.44348672598379685,0.030496765295664946,0.1312117332175937
person,0.3711275225480396,0.5405468738697184,0.03520345004399588,0.17157407181351086
person,0.07564272054036507,0.867006004050927,0.053527058919271814,0.1777287326388911
person,0.40845393915971173,0.38904224537036974,0.03011360748608881,0.14327835648148013
person,0.8041736650466926,0.4787495363023549,0.03961100196838293,0.15856895107693192
person,0.9623592122395835,0.25042796947337964,0.03559407552083371,0.12386664496527776
person,0.916885375976563,0.26261118683991674,0.03418782552083452,0.13377763988353494
person,0.9223709419965748,0.16935497693662305,0.031471050659814634,0.10312112285472756
person,0.8922114257812502,0.0989127965856487,0.02893131510416727,0.11784107349537036
person,0.8597186275720597,0.074658528080693,0.019041665951409926,0.10372316148546007
person,0.7297881764570867,0.10257477852150293,0.019614601612090256,0.12277745056152356
person,0.634249776999156,0.12398079427083421,0.023457968711852573,0.12263100405092768
person,0.6192896115779882,0.14159841579861204,0.025394978364308447,0.11682168692129818
person,0.4960229285558065,0.28045824291088006,0.03024165789286298,0.1314734881365749
person,0.5829434408346817,0.13287000853927128,0.02490478531519642,0.1017780668470611
person,0.3804634506702422,0.211513983549896,0.02840614938735939,0.13169463376645513
person,0.31617989071210223,0.37238183593750096,0.034118814627329346,0.12756966145833526
person,0.3126349474390353,0.27596639901620384,0.026279009461403942,0.08867614293981509
person,0.425390624880791,0.1088307834201391,0.017843749761580815,0.11883778211805597
person,0.451009480794271,0.11289113136574155,0.02098583984375028,0.12066218171296457
person,0.5322417804797486,0.20780946208812567,0.02663557918866335,0.13569560241699208
person,0.49427180989583347,0.09519690407647127,0.017456380208333636,0.1111987850047936
person,0.17025030226934565,0.0482382043909152,0.026612490699405574,0.0964764087818304
person,0.058652642885843986,0.16859872266981357,0.02496934827168767,0.11019151362666418
person,0.13805159362157216,0.5913839337384262,0.04426602904001925,0.16549139178240804
person,0.19194673665364653,0.5181561053240741,0.03284529622395969,0.13961371527777777
person,0.21788073730468796,0.5400693099410458,0.04224096679687588,0.14783537914135095
person,0.2292811896006272,0.5000291513513635,0.02152225875854432,0.1115368906656901
person,0.24971577962239602,0.5285578522858796,0.02629760742187539,0.12268066406249996
person,0.6844721903800968,0.046295120804399494,0.019413374900817595,0.09259024160879899
person,0.664272836347421,0.07247996238426048,0.015048765142758687,0.06915118634259503
person,0.8412981626192725,0.07742493099636502,0.0234715693791698,0.10007338629828559
person,0.9464254148006438,0.6049867983217604,0.045976073741911705,0.17267831307870574
person,0.7243240236441291,0.03715054137618507,0.02324480835596662,0.07430108275237014
person,0.4851613972981776,0.04618133756849501,0.018593872070313586,0.08865897143328633
