person,0.5952826334635423,0.7717190054434316,0.04708056640625126,0.16600817871093743
person,0.6819898904164626,0.7514353298611118,0.04493843968709221,0.16820341435185346
person,0.814509745279948,0.6392147714120374,0.042293009440104376,0.1712000868055563
person,0.6157000868585378,0.4385696011766979,0.029308024194506052,0.13035462480709947
person,0.37103487141927094,0.5344412242748109,0.03503442382812523,0.17289648211443645
person,0.07780535888671919,0.8725458622685197,0.05353511555989674,0.18001938657407654
person,0.40803247094154416,0.38522967303240707,0.030196452299754088,0.14399160879629563
person,0.8066186520258593,0.4862566550925934,0.04005436134338278,0.15819039351852013
person,0.9647073466777805,0.2538391203703705,0.03497816991806045,0.12413657407407434
person,0.918911610325178,0.2666490919325093,0.03385186648368936,0.134961088957609
person,0.9230407927831019,0.17374394536901455,0.03122741889953507,0.10373282708062175
person,0.8929902414480847,0.10152047164351881,0.029045668443044428,0.11788498263888837
person,0.8605542000929517,0.07568467825430397,0.01890006685256888,0.10337456484194128
person,0.7298045950730637,0.1026119424325454,0.01956198962529392,0.12259165106879395
person,0.6341258145968124,0.1220403645833344,0.023122560183206887,0.12358593750000214
person,0.6188622434933986,0.13812018952546404,0.025552286465962956,0.11624110243055771
person,0.4957661640644073,0.28403349247685244,0.03007602930068967,0.13185966435185306
person,0.5829569905598965,0.13611859809027885,0.025690185546876163,0.10191095196759474
person,0.38037782843907675,0.20712974265769776,0.02811934502919519,0.13051831054687377
person,0.3161970213254294,0.37723752170138986,0.03341780567169206,0.1295249565972241
person,0.31307343121369735,0.2799840856481485,0.026378796021144818,0.08984664351851919
person,0.4252917478879296,0.10824410445601879,0.01856233692169133,0.1175117910879635
person,0.45111124674479186,0.11322892846001602,0.020902506510417022,0.12048780483669867
person,0.5321647948424015,0.21089315682870383,0.026620035648344736,0.13539887152777805
person,0.49541060384114605,0.0925820674189823,0.017137125651042123,0.11090993923611274
person,0.17403430757068505,0.0478318115234384,0.02749686104910817,0.0956636230468768
person,0.05867560595770688,0.16849151561878375,0.024916641602913313,0.11029249304312308
person,0.1376001383463546,0.6004276620370372,0.04473722330729249,0.16762615740740763
person,0.19198413085937563,0.5184803602430557,0.032650309244792966,0.13989113136574077
person,0.21877795410156295,0.5404081460458272,0.04283992513020927,0.14808842750832102
person,0.22910174624125224,0.5001131721779153,0.021402629852294314,0.11142570778175638
person,0.24996632893880227,0.5286641890914352,0.026846720377604546,0.12268066406250006
person,0.6841237010161086,0.04624204282407542,0.019393398125965907,0.09248408564815085
person,0.664083627363046,0.0722617910879641,0.015048765142758687,0.06988382523148377
person,0.8424941089153284,0.07830150462962963,0.02411378749211508,0.09987847222222224
person,0.9446925454139711,0.5982886646412047,0.044385253588357425,0.17267831307870574
person,0.7228042889436083,0.041402830053259634,0.024228369553882936,0.08280566010651927
person,0.48478641764322955,0.05069496578640408,0.01807299804687581,0.0958343760172526
