person,0.5942489420572921,0.769918404473199,0.04637711588541767,0.16960894436306473
person,0.6802469199498491,0.7529473379629636,0.043348250706989805,0.1675497685185198
person,0.8157054850260418,0.642941984953704,0.04277652994791694,0.17041232638888965
person,0.61594780989488,0.43611103877314844,0.028713653643926543,0.12992607060185235
person,0.3709078369140627,0.5299928376939553,0.03478849283854212,0.17134852261013298
person,0.07878261311848993,0.8749070818865754,0.05333060709635485,0.17948213252315057
person,0.40782173683246037,0.38332338686342576,0.03023787470658667,0.14434823495370339
person,0.807924804449082,0.4896530671296306,0.04010872348149566,0.15728645833333524
person,0.9661337485313419,0.2553634259259262,0.03380989615122457,0.12419907407407463
person,0.9199848824342094,0.2695018833301691,0.03327624273300221,0.13658883610478098
person,0.9233757181763654,0.17593842958521036,0.03110560301939529,0.10403867919356882
person,0.8933073465029399,0.10364279513888909,0.028958443005879766,0.11882552083333293
person,0.8610042341152829,0.07622893114443186,0.019050134897231646,0.10313711576108595
person,0.729812804381052,0.10263052438806662,0.01953568363189575,0.12249875132242913
person,0.634163340846698,0.12071357783564929,0.02275604367256167,0.12335062210648376
person,0.6186485594511039,0.13638107638889005,0.02563094051679021,0.11595081018518749
person,0.49563778181870777,0.2858211172598387,0.02999321500460308,0.13205275245949216
person,0.582820617675782,0.13779293258101932,0.025796264648438812,0.10178450520833494
person,0.38013065628210707,0.20439836855288007,0.02780118886629754,0.1294625357168688
person,0.31620568835735335,0.3801792534722231,0.03306730119387341,0.1315303819444462
person,0.3132926731010285,0.28209780092592623,0.02642868930101526,0.09154513888888956
person,0.4251407876412076,0.1081056857638891,0.01894759090741444,0.117158998842593
person,0.4512772623697919,0.11345131033438284,0.021091308593750392,0.12050722136321013
person,0.5321263223687803,0.21141666666666692,0.026612263878185632,0.13412962962963015
person,0.4959800008138024,0.09139948640046357,0.016977498372396364,0.1110158420138901
person,0.17592631022135474,0.04762861508969999,0.02793904622395947,0.09525723017939998
person,0.058687087493638324,0.16843791209326886,0.02489028826852613,0.11034298275135253
person,0.1372304077148442,0.604727213541667,0.044685017903646755,0.1682492766203709
person,0.1920028279622402,0.5186424877025463,0.032552815755209574,0.14002983940972222
person,0.21887009684244843,0.5405773832533103,0.04242647298177188,0.1482149516918057
person,0.22897131395340029,0.5001551825911912,0.021424235979715905,0.11137011633978952
person,0.2502228800455731,0.528717357494213,0.027383829752604547,0.1226806640625
person,0.6839494563341145,0.04621550383391339,0.019383409738539942,0.09243100766782678
person,0.6639890228708585,0.07215270543981593,0.015048765142758687,0.07025014467592815
person,0.8432223108212147,0.07854492187499999,0.024174520730971,0.09939163773148148
person,0.9438261107206346,0.594939597800927,0.04358984351158028,0.17267831307870574
person,0.7220444215933476,0.04352897439179691,0.024720150152841215,0.08705794878359382
person,0.4845989278157556,0.05295177989535862,0.017812561035156924,0.09942207830923575
