person,0.593215250651042,0.7681178035029663,0.045673665364583844,0.17320971001519184
person,0.6785039494832354,0.7544593460648152,0.04175806172688764,0.16689612268518594
person,0.8169012247721354,0.6466691984953707,0.04326005045572927,0.1696245659722228
person,0.6161955329312221,0.43365247636959897,0.028119283093347155,0.12949751639660534
person,0.3707808024088545,0.5255444511130999,0.034542561848959014,0.16980056310582933
person,0.07975986735026064,0.8772683015046308,0.05312609863281295,0.1789448784722245
person,0.40761100272337647,0.38141710069444446,0.03027929711341925,0.1447048611111111
person,0.8092309568723048,0.49304947916666775,0.04016308561960832,0.15638252314815032
person,0.9675601503849033,0.25688773148148186,0.03264162238438869,0.12426157407407488
person,0.9210581545432408,0.27235467472782887,0.03270061898231494,0.13821658325195302
person,0.9237106435696291,0.1781329138014061,0.030983787139255505,0.10434453130651594
person,0.893624451557795,0.1057651186342594,0.028871217568714986,0.11976605902777751
person,0.861454268137614,0.07677318403455974,0.01920020294189418,0.10289966668023057
person,0.7298210136890405,0.10264910634358786,0.0195093776384977,0.12240585157606432
person,0.6342008670965834,0.1193867910879642,0.022389527161916452,0.1231153067129654
person,0.6184348754088089,0.13464196325231603,0.025709594567617462,0.11566051793981724
person,0.4955093995730082,0.2876087420428249,0.029910400708516426,0.13224584056713123
person,0.5826842447916672,0.1394672670717598,0.02590234375000134,0.10165805844907516
person,0.3798834841251375,0.20166699444806235,0.0274830327033999,0.12840676088686384
person,0.3162143553892774,0.3831209852430564,0.03271679671605471,0.13353580729166828
person,0.3135119149883595,0.2842115162037041,0.02647858258088564,0.09324363425925995
person,0.42498982739448576,0.1079672670717594,0.01933284489313755,0.11680620659722249
person,0.45144327799479184,0.11367369220874969,0.0212801106770837,0.1205266378897216
person,0.5320878498951591,0.21194017650463007,0.026604492108026533,0.13286038773148232
person,0.4965493977864586,0.09021690538194486,0.016817871093750606,0.11112174479166748
person,0.17696933630741066,0.04742541865596111,0.026866529060133832,0.09485083731192222
person,0.058698569029569776,0.16838430856775397,0.02486393493413895,0.11039347245958198
person,0.13686067708333383,0.6090267650462966,0.04463281250000097,0.16887239583333416
person,0.19202152506510478,0.5188046151620371,0.03245532226562622,0.14016854745370372
person,0.21896223958333394,0.5407466204607935,0.04201302083333456,0.14834147587529045
person,0.2288408816655484,0.5001971930044669,0.0214458421071375,0.1113145248978226
person,0.25047943115234395,0.5287705258969908,0.027920939127604544,0.1226806640625
person,0.6837752116521204,0.046188964843751346,0.019373421351114098,0.09237792968750269
person,0.663894418378671,0.07204361979166775,0.015048765142758687,0.07061646412037254
person,0.843950512727101,0.07878833912037038,0.024235253969826922,0.09890480324074075
person,0.9429596760272984,0.5915905309606492,0.042794433434803145,0.17267831307870574
person,0.7212845542430872,0.0456551187303342,0.025211930751799252,0.0913102374606684
person,0.48441143798828157,0.055208594004313154,0.017552124023438153,0.1030097806012189
