person,0.5921815592447918,0.7663172025327337,0.04497021484375026,0.17681047566731917
person,0.6767609790166219,0.7559713541666669,0.04016787274678523,0.16624247685185228
person,0.8180969645182292,0.6503964120370374,0.04374357096354184,0.1688368055555562
person,0.6164432559675643,0.4311939139660495,0.027524912542767645,0.12906896219135824
person,0.3706537679036463,0.5210960645322443,0.03429663085937591,0.16825260360152586
person,0.08073712158203138,0.8796295211226863,0.05292159016927106,0.17840762442129857
person,0.4074002686142927,0.37951081452546315,0.03032071952025183,0.14506148726851886
person,0.8105371092955276,0.4964458912037049,0.0402174477577212,0.1554785879629654
person,0.9689865522384647,0.25841203703703763,0.031473348617552806,0.12432407407407517
person,0.9221314266522723,0.2752074661254887,0.03212499523162779,0.139844330399125
person,0.9240455689628926,0.1803273980176019,0.030861971259115724,0.104650383419463
person,0.8939415566126501,0.1078874421296297,0.028783992131550324,0.12070659722222209
person,0.8619043021599452,0.07731743692468761,0.01935027098655695,0.10266221759937523
person,0.7298292229970289,0.10266768829910908,0.019483071645099534,0.12231295182969949
person,0.634238393346469,0.11806000434027908,0.022023010651271234,0.12287999131944703
person,0.6182211913665141,0.13290285011574202,0.025788248618444715,0.115370225694447
person,0.49538101732730866,0.2893963668258111,0.029827586412429833,0.13243892867477036
person,0.5825478719075528,0.14114160156250027,0.026008422851563986,0.10153161168981537
person,0.3796363119681678,0.19893562034324466,0.02716487654050225,0.12735098605685888
person,0.31622302242120137,0.3860627170138896,0.03236629223823607,0.13554123263889037
person,0.3137311568756906,0.28632523148148187,0.026528475860756077,0.09494212962963033
person,0.4248388671477638,0.10782884837962971,0.01971809887886066,0.116453414351852
person,0.45160929361979185,0.11389607408311651,0.02146891276041707,0.12054605441623305
person,0.5320493774215379,0.21246368634259316,0.026596720337867433,0.13159114583333442
person,0.4971187947591149,0.08903432436342612,0.016658243815104848,0.11122764756944485
person,0.1780123623934666,0.04722222222222222,0.025794011896308196,0.09444444444444444
person,0.05871005056550122,0.16833070504223904,0.024837581599751763,0.11044396216781142
person,0.13649094645182344,0.6133263165509264,0.04458060709635524,0.16949551504629745
person,0.19204022216796934,0.5189667426215278,0.03235782877604283,0.14030725549768516
person,0.21905438232421942,0.5409158576682765,0.04159956868489717,0.14846800005877514
person,0.22871044937769644,0.5002392034177426,0.02146744823455909,0.11125893345585575
person,0.25073598225911475,0.5288236942997685,0.028458048502604544,0.12268066406249996
person,0.6836009669701263,0.04616242585358931,0.019363432963688136,0.09232485170717862
person,0.6637998138864835,0.07193453414351957,0.015048765142758687,0.07098278356481691
person,0.8446787146329873,0.07903175636574075,0.024295987208682847,0.09841796875
person,0.942093241333962,0.5882414641203715,0.041999023358026,0.17267831307870574
person,0.7205246868928266,0.047781263068871475,0.025703711350757528,0.09556252613774295
person,0.48422394816080755,0.05746540811326768,0.017291687011719264,0.10659748289320203
