person,0.6206338702042902,0.9270525896990741,0.05321142530441314,0.14589482060185185
person,0.7560540322462721,0.7382916259765617,0.056836742877959166,0.16924905056423425
person,0.785744249661764,0.5247043533325196,0.04019780921936136,0.15188888606318598
person,0.6120532948970795,0.5211330408166955,0.03821051232019954,0.13200421820746494
person,0.3695579097429912,0.6673791956018523,0.04037493406931425,0.1769444444444451
person,0.047698417425155716,0.8285378059104639,0.05690000867843613,0.17409528774685357
person,0.4109105519453684,0.4787229456018523,0.03455043331781932,0.1491096643518527
person,0.7761114587783813,0.3785040509259263,0.03641114997863752,0.14669560185185251
person,0.9502427389939628,0.20205162472195232,0.03109094673792576,0.1205847309253807
person,0.8989646081844966,0.21279998553240756,0.030574724181492503,0.129918547453704
person,0.9149147879680003,0.12305027932061016,0.029892075935998363,0.09226881674307218
person,0.8871920216083531,0.07124646551815147,0.027646033234067485,0.11719996228630294
person,0.8514735895527735,0.06684525689960998,0.02240043973922757,0.10282390500292365
person,0.7320336910486224,0.10929799962926827,0.01847428313891027,0.12297895643446248
person,0.6399891324440643,0.17442571060745918,0.02517886710167012,0.12574117815936037
person,0.6207688109080001,0.19586030983630476,0.023155189090305582,0.12495870802137499
person,0.49808293674786874,0.2327870342113359,0.03031219511032077,0.12720369805229925
person,0.5797579616308209,0.09643496817129643,0.022019178469975385,0.09820413773148176
person,0.38430410473876514,0.2777836250964507,0.030539904356002505,0.13375373746141997
person,0.3128748168945318,0.32383872251157436,0.032333699544271906,0.12558181423611164
person,0.31019292328092796,0.23340103738101947,0.024934457672966617,0.08137455740092779
person,0.42960213216145876,0.12887919348257532,0.02639990234375092,0.11728746682626175
person,0.4541386990149817,0.12347830737078633,0.021867485920588455,0.12133957191749856
person,0.5299539978583654,0.1634140625000011,0.025835323190689152,0.12657928240740957
person,0.4783711398442588,0.13765355475155014,0.02050163841247592,0.11520631860803854
person,0.3899588068326314,0.04579580183382514,0.020821340878804523,0.08830456663061223
person,0.2031985184881424,0.0718669825424395,0.024244259198506295,0.10484628182870617
person,0.12761093253559497,0.0886950226771991,0.03285722748438438,0.11105950908896253
person,0.06206721770763428,0.175883810961688,0.025619135936100677,0.10998955479374639
person,0.15138000448544853,0.4964328191309803,0.03769110706117481,0.15557493610146633
person,0.19389017323652902,0.5264016311551328,0.02888548970222473,0.13607125035038542
person,0.21816723084449793,0.5483959311026114,0.03676048707962082,0.14859452424225986
person,0.23047336590290077,0.508296926992911,0.027379511753717917,0.10980927643952548
person,0.25346111067136157,0.5355833152488426,0.028137634754181504,0.1226806640625
person,0.6909242757161462,0.05255933521412065,0.018047281901042447,0.0923553602430561
person,0.6728522557616237,0.08057509909735827,0.01431518860657969,0.06518376300953135
person,0.8354731134732564,0.06754086996007877,0.020675230852762874,0.09911241121645381
