person,0.5911478678385417,0.764516601562501,0.044266764322916666,0.18041124131944647
person,0.6750180085500082,0.7574833622685185,0.03857768376668294,0.1655888310185185
person,0.8192927042643229,0.6541236255787041,0.04422709147135417,0.16804904513888957
person,0.6166909790039066,0.42873535156250003,0.026930541992188257,0.12864040798611112
person,0.37052673339843806,0.5166476779513889,0.034050699869792804,0.16670464409722222
person,0.08171437581380209,0.8819907407407418,0.05271708170572917,0.1778703703703724
person,0.4071895345052089,0.37760452835648184,0.03036214192708447,0.14541811342592662
person,0.8118432617187503,0.4998423032407421,0.04027180989583409,0.15457465277778049
person,0.9704129540920263,0.2599363425925933,0.030305074850717043,0.12438657407407543
person,0.9232046987613036,0.2780602575231485,0.031549371480940634,0.14147207754629698
person,0.9243804943561561,0.18252188223379764,0.030740155378975943,0.10495623553241011
person,0.8942586616675053,0.110009765625,0.028696766694385662,0.12164713541666668
person,0.8623543361822764,0.07786168981481549,0.019500339031219484,0.10242476851851987
person,0.7298374323050173,0.10268627025463031,0.019456765651701364,0.12222005208333468
person,0.6342759195963548,0.11673321759259395,0.021656494140626138,0.12264467592592862
person,0.6180075073242193,0.13116373697916803,0.02586690266927197,0.11507993344907677
person,0.4952526350816091,0.2911839916087973,0.02974477211634318,0.13263201678240943
person,0.5824114990234383,0.14281593605324075,0.026114501953126517,0.10140516493055556
person,0.3793891398111981,0.19620424623842694,0.026846720377604546,0.1262952112268539
person,0.31623168945312535,0.3890044487847229,0.03201578776041743,0.13754665798611246
person,0.3139503987630216,0.28843894675925963,0.026578369140626515,0.09664062500000067
person,0.42468790690104186,0.1076904296875,0.02010335286458371,0.11610062210648149
person,0.45177530924479187,0.11411845595748336,0.02165771484375038,0.1205654709427445
person,0.5320109049479167,0.21298719618055623,0.026588948567708333,0.13032190393518653
person,0.4976881917317712,0.0878517433449074,0.01649861653645909,0.11133355034722223
person,0.17959706624349014,0.04513888888888889,0.02580586751302197,0.09027777777777778
person,0.05872153210143267,0.16827710151672415,0.024811228265364586,0.11049445187604087
person,0.13612121582031306,0.6176258680555563,0.04452840169270947,0.1701186342592606
person,0.1920589192708339,0.5191288700810185,0.03226033528645947,0.14044596354166666
person,0.21914652506510493,0.5410850948757596,0.04118611653645985,0.14859452424225986
person,0.22858001708984452,0.5002812138310185,0.021489054361980682,0.11120334201388889
person,0.2509925333658856,0.5288768627025463,0.028995157877604545,0.1226806640625
person,0.6834267222881323,0.046135886863427275,0.019353444576262292,0.09227177372685455
person,0.663705209394296,0.07182544849537138,0.015048765142758687,0.07134910300926128
person,0.8454069165388736,0.07927517361111111,0.02435672044753877,0.09793113425925927
person,0.9412268066406255,0.5848923972800937,0.041203613281248865,0.17267831307870574
person,0.7197648195425662,0.04990740740740875,0.026195491949715686,0.0998148148148175
person,0.48403645833333353,0.059722222222222225,0.01703125000000038,0.11018518518518519
