person,0.5901057940324148,0.760035011574075,0.04380924431482936,0.18004108796296478
person,0.6720066148440045,0.7578967375578706,0.04040906302134175,0.1649102285879632
person,0.8208659464518231,0.6576692708333337,0.04510144042968776,0.16792071759259303
person,0.6168736165761951,0.42567509403935183,0.026940267006556693,0.1269831452546296
person,0.3704838256835943,0.5128551070601854,0.03405318196614685,0.166067563657408
person,0.08221649169921875,0.8826444408275474,0.05254618326822917,0.17632186776620615
person,0.40696398925781296,0.3740558810763893,0.029989990234375874,0.14401960358796378
person,0.8124746500651046,0.5052720630787048,0.04023819986979262,0.1560114293981503
person,0.9709577182531359,0.2632269241898154,0.030404694318769996,0.12513874421296417
person,0.9238354923129077,0.27998524192527535,0.03172087069352377,0.1411776597764758
person,0.9244783538579947,0.18578587962963092,0.03135254104932,0.10946527777778035
person,0.894464661955833,0.11104484925446707,0.028605023781457697,0.12168807813856296
person,0.8627585503260295,0.07848850730613507,0.019975108464559098,0.10261575882523309
person,0.7298716117938355,0.10254909939236179,0.01940207775433732,0.12240143952546433
person,0.6341243896484381,0.11460872395833444,0.02179288736979288,0.12178255208333551
person,0.6175885925292972,0.13046802718551187,0.025662618001302918,0.11565654048213453
person,0.49554923534393314,0.29373422919379427,0.03010156313578284,0.13297598153573642
person,0.5828771160840994,0.14404904513888916,0.02553743529319874,0.10182783564814868
person,0.37905297863483456,0.1949354024816448,0.027498209873835222,0.12668431769477106
person,0.3162093099753065,0.3899456018518524,0.03237304703394628,0.1360717592592603
person,0.31399811808268296,0.2901702471132635,0.026623758951824367,0.09663216089319339
person,0.4247269897560279,0.10767601627773712,0.02002526857455583,0.11614796716195559
person,0.4521228280862175,0.11409716676782679,0.021835499922434564,0.12020460552639431
person,0.5322660319010417,0.21592679511176288,0.02670491536458339,0.1317760439272287
person,0.497960449179014,0.0871331380208334,0.01661035148302741,0.11173372395833346
person,0.17994791626930273,0.04513888888888889,0.025104165871937312,0.09027777777777778
person,0.05873301363736411,0.16822349799120923,0.024784874930977408,0.11054494158427032
person,0.1349647827148442,0.6197615740740747,0.043695434570313406,0.16873611111111228
person,0.19210258992513077,0.5190254991319444,0.03234767659505318,0.1403723234953701
person,0.21921497599283934,0.540882022998951,0.041064839680991186,0.14849039148401333
person,0.22854240924120023,0.5001792173032407,0.02156426997979605,0.11120334201388885
person,0.2508638610839846,0.5287620261863426,0.028737813313802568,0.1226806640625
person,0.6832332804997766,0.04612877965856603,0.019582283655801547,0.09225755931713206
person,0.663762812534968,0.07166995804398268,0.014754222075144577,0.07141934317129872
person,0.8464208732048666,0.0802688080116554,0.02348855630556616,0.09840653963442189
person,0.9398259989817942,0.5811020146122696,0.04172491463025298,0.1715312861689836
person,0.7192337416410439,0.049981481481482765,0.02577888464927547,0.09996296296296553
person,0.48372135416666684,0.0607314813401965,0.017286458333333775,0.11051851823594815
