person,0.5890637202262881,0.7555534215856491,0.043351724306742175,0.17967093460648323
person,0.6689952211380008,0.7583101128472225,0.04224044227600032,0.16423162615740786
person,0.8224391886393233,0.6612149160879633,0.045975789388021465,0.16779239004629648
person,0.6170562541484836,0.42261483651620374,0.026949992020925132,0.12532588252314816
person,0.37044091796875045,0.5090625361689821,0.034055664062500844,0.16543048321759365
person,0.08271860758463541,0.8832981409143532,0.05237528483072917,0.17477336516203976
person,0.40673844401041703,0.3705072337962968,0.029617838541667336,0.14262109375000098
person,0.8131060384114588,0.5107018229166675,0.04020458984375104,0.15744820601852016
person,0.9715024824142454,0.2665175057870376,0.030504313786822952,0.12589091435185296
person,0.9244662858645117,0.28191022632740226,0.0318923699061069,0.14088324200665467
person,0.9245762133598335,0.1890498770254642,0.03196492671966394,0.11397432002315061
person,0.8946706622441605,0.11207993288393416,0.028513280868529615,0.12172902086045925
person,0.8631627644697827,0.07911532479745466,0.020449877897898833,0.10280674913194633
person,0.7299057912826534,0.10241192853009327,0.01934738985697315,0.12258282696759396
person,0.6339728597005214,0.11248423032407488,0.02192928059895962,0.12092042824074235
person,0.6171696777343753,0.12977231739185568,0.025458333333333864,0.11623314751519233
person,0.49584583560625717,0.2962844667787912,0.030458354155222564,0.13331994628906346
person,0.5833427331447607,0.14528215422453758,0.024960368633270846,0.10225050636574183
person,0.3787168174584711,0.19366655872486263,0.028149699370065957,0.1270734241626882
person,0.3161869304974876,0.3908867549189819,0.03273030630747525,0.13459686053240824
person,0.31404583740234443,0.29190154746726743,0.026669148763022163,0.09662369678638609
person,0.42476607261101396,0.10766160286797424,0.019947184284527946,0.11619531221742968
person,0.45247034692764315,0.11407587757817021,0.02201328500111875,0.11984374011004412
person,0.5325211588541666,0.21886639404296956,0.026820882161458334,0.13323018391927083
person,0.4982327066262568,0.08641453269675939,0.016722086429595783,0.11213389756944471
person,0.1814518221219373,0.041527777777778115,0.023529864946999622,0.08305555555555623
person,0.05874449517329556,0.16816989446569433,0.02475852159659022,0.11059543129249977
person,0.13380834960937535,0.6218972800925932,0.04286246744791735,0.16735358796296396
person,0.1921462605794276,0.5189221281828702,0.03243501790364688,0.1402986834490737
person,0.21928342692057376,0.5406789511221427,0.04094356282552252,0.14838625872576683
person,0.22850480139255597,0.500077220775463,0.021639485597611387,0.11120334201388889
person,0.2507351888020836,0.5286471896701389,0.028480468750000595,0.1226806640625
person,0.683039838711421,0.046121672453704785,0.019811122735340803,0.09224334490740957
person,0.6638204156756403,0.071514467592594,0.014459679007530467,0.07148958333333616
person,0.8474348298708594,0.08126244241219967,0.02262039216359343,0.09888194500958453
person,0.9384251913229629,0.5773116319444455,0.04224621597925721,0.17038425925926134
person,0.7187026637395219,0.05005555555555677,0.02536227734883513,0.10011111111111354
person,0.48340625000000026,0.06174074045817079,0.017541666666667233,0.11085185128671113
