person,0.588021646420161,0.751071831597223,0.04289420429865499,0.17930078125000165
person,0.6659838274319971,0.7587234881365745,0.04407182153065913,0.16355302372685276
person,0.8240124308268233,0.664760561342593,0.046850138346355055,0.16766406249999982
person,0.6172388917207722,0.41955457899305554,0.026959717035293332,0.12366861979166666
person,0.37039801025390656,0.5052699652777786,0.034058146158854836,0.16479340277777943
person,0.08322072347005209,0.8839518410011591,0.05220438639322916,0.17322486255787373
person,0.406512898763021,0.3669585865162043,0.0292456868489588,0.1412225839120381
person,0.8137374267578131,0.5161315827546301,0.04017097981770957,0.15888498263888995
person,0.9720472465753551,0.2698080873842597,0.03060393325487591,0.12664308449074166
person,0.9250970794161159,0.2838352107295291,0.03206386911869004,0.14058882423683358
person,0.9246740728616721,0.19231387442129744,0.03257731239000812,0.11848336226852078
person,0.8948766625324883,0.11311501651340121,0.028421537955601532,0.12176996358235558
person,0.8635669786135359,0.07974214228877423,0.02092464733123845,0.10299773943865956
person,0.7299399707714715,0.10227475766782475,0.01929270195960922,0.12276421440972356
person,0.6338213297526049,0.11035973668981537,0.022065673828126364,0.12005830439814924
person,0.6167507629394533,0.12907660759819953,0.02525404866536481,0.11680975454825009
person,0.4961424358685811,0.29883470436378823,0.030815145174662283,0.13366391104239045
person,0.583808350205422,0.14651526331018602,0.02438330197334307,0.10267317708333495
person,0.3783806562821076,0.19239771496808047,0.028801188866296634,0.12746253063060542
person,0.3161645510196687,0.3918279079861114,0.033087565581004105,0.13312196180555608
person,0.31409355672200584,0.2936328478212713,0.026714538574220074,0.0966152326795789
person,0.42480515546600006,0.10764718945821138,0.01986909999450006,0.11624265727290382
person,0.4528178657690688,0.11405458838851365,0.022191070079802935,0.11948287469369395
person,0.5327762858072916,0.22180599297417625,0.026936848958333332,0.134684323911313
person,0.4985049640734997,0.0856959273726854,0.01683382137616416,0.11253407118055597
person,0.1814518221219373,0.041527777777778115,0.023529864946999622,0.08305555555555623
person,0.05875597670922702,0.16811629094017944,0.024732168262203043,0.11064592100072923
person,0.13265191650390648,0.6240329861111116,0.04202950032552129,0.16597106481481586
person,0.19218993123372446,0.518818757233796,0.032522359212240615,0.14022504340277714
person,0.21935187784830815,0.5404758792453342,0.0408222859700538,0.14828212596752022
person,0.22846719354391176,0.4999752242476852,0.021714701215426728,0.11120334201388889
person,0.2506065165201827,0.5285323531539352,0.02822312418619865,0.1226806640625
person,0.6828463969230654,0.04611456524884354,0.020039961814879822,0.09222913049768708
person,0.6638780188163124,0.07135897714120533,0.014165135939916477,0.07155982349537361
person,0.8484487865368524,0.08225607681274394,0.02175222802162094,0.09935735038474713
person,0.9370243836641317,0.5735212492766215,0.042767517328261444,0.16923723234953933
person,0.7181715858379996,0.05012962962963078,0.02494567004839503,0.10025925925926156
person,0.4830911458333336,0.06274999957614505,0.01779687500000057,0.11118518433747407
