person,0.5869795726140341,0.7465902416087971,0.0424366842905678,0.17893062789352007
person,0.6629724337259935,0.7591368634259265,0.045903200785317705,0.16287442129629742
person,0.8255856730143235,0.6683062065972226,0.047724487304688756,0.16753573495370327
person,0.6174215292930607,0.41649432146990745,0.02696944204966177,0.12201135706018523
person,0.37035510253906273,0.5014773943865751,0.03406062825520883,0.1641563223379651
person,0.08372283935546875,0.8846055410879649,0.05203348795572916,0.17167635995370734
person,0.40628735351562506,0.3634099392361117,0.02887353515625026,0.1398240740740753
person,0.8143688151041674,0.5215613425925929,0.04013736979166798,0.16032175925925982
person,0.9725920107364646,0.2730986689814819,0.03070355272292886,0.12739525462963044
person,0.9257278729677199,0.28576019513165596,0.03223536833127317,0.14029440646701244
person,0.924771932363511,0.19557787181713074,0.03318969806035206,0.12299240451389104
person,0.8950826628208159,0.11415010014286829,0.02832979504267345,0.12181090630425187
person,0.8639711927572891,0.0803689597800938,0.021399416764578186,0.1031887297453728
person,0.7299741502602894,0.10213758680555624,0.019238014062245058,0.1229456018518532
person,0.6336697998046882,0.10823524305555582,0.022202067057293107,0.11919618055555609
person,0.6163318481445312,0.12838089780454337,0.025049763997395755,0.11738636158130789
person,0.4964390361309051,0.30138494194878523,0.031171936194102006,0.1340078757957175
person,0.5842739672660833,0.1477483723958344,0.023806235313415178,0.10309584780092809
person,0.37804449510574406,0.19112887121129832,0.02945267836252737,0.12785163709852254
person,0.31614217154184987,0.3927690610532409,0.033444824854533074,0.13164706307870402
person,0.3141412760416673,0.29536414817527523,0.026759928385417867,0.09660676857277162
person,0.4248442383209861,0.10763277604844848,0.019791015704472177,0.11629000232837793
person,0.45316538461049444,0.11403329919885706,0.022368855158487123,0.11912200927734376
person,0.5330314127604167,0.22474559190538293,0.027052815755208275,0.13613846390335516
person,0.4987772215207425,0.08497732204861139,0.016945556322732536,0.11293424479166722
person,0.058767458245158465,0.16806268741466454,0.02470581492781586,0.11069641070895866
person,0.1314954833984376,0.6261686921296301,0.04119653320312523,0.16458854166666753
person,0.1922336018880213,0.5187153862847218,0.032609700520834325,0.14015140335648074
person,0.21942032877604256,0.5402728073685258,0.04070100911458514,0.14817799320927372
person,0.2284295856952675,0.49987322771990744,0.021789916833242065,0.11120334201388894
person,0.2504778442382817,0.5284175166377315,0.027965779622396672,0.1226806640625
person,0.6826529551347098,0.04610745804398229,0.020268800894419077,0.09221491608796457
person,0.6639356219569845,0.07120348668981664,0.013870592872302367,0.07163006365741105
person,0.8494627432028451,0.08324971121328821,0.020884063879648213,0.09983275575990976
person,0.9356235760053003,0.5697308666087973,0.043288818677265674,0.1680902054398171
person,0.011823129653930665,0.11884822845458985,0.02364625930786133,0.09639509695547599
person,0.7176405079364775,0.050203703703704784,0.024529062747954692,0.10040740740740957
person,0.48277604166666704,0.06375925869411933,0.018052083333334027,0.11151851738823707
