person,0.5859374988079072,0.7421086516203711,0.0419791642824805,0.17856047453703838
person,0.6599610400199898,0.7595502387152785,0.047734580039976514,0.16219581886574208
person,0.8271589152018236,0.6718518518518523,0.048598836263022346,0.16740740740740673
person,0.6176041668653491,0.4134340639467593,0.026979167064030207,0.12035409432870371
person,0.37031219482421895,0.49768482349537174,0.03406311035156288,0.16351924189815084
person,0.08422495524088541,0.8852592411747706,0.05186258951822917,0.17012785734954108
person,0.4060618082682292,0.3598612919560192,0.028501383463541665,0.13842556423611246
person,0.8150002034505216,0.5269911024305556,0.040103759765626516,0.16175853587962963
person,0.9731367748975742,0.27638925057870406,0.030803172190981817,0.1281474247685192
person,0.926358666519324,0.28768517953378286,0.0324068675438563,0.13999998869719127
person,0.9248697918653496,0.19884186921296398,0.03380208373069612,0.12750144675926128
person,0.8952886631091436,0.11518518377233536,0.02823805212974548,0.12185184902614815
person,0.8643754069010422,0.08099577727141338,0.021874186197917804,0.10337972005208604
person,0.7300083297491076,0.10200041594328771,0.01918332616488101,0.12312698929398283
person,0.6335182698567716,0.1061107494212963,0.02233846028645985,0.11833405671296297
person,0.6159129333496092,0.1276851880108872,0.024845479329426705,0.11796296861436566
person,0.49673563639322915,0.3039351795337822,0.03152872721354166,0.13435184054904448
person,0.5847395843267444,0.14898148148148282,0.0232291686534874,0.10351851851852122
person,0.3777083339293805,0.18986002745451616,0.030104167858758045,0.12824074356643972
person,0.31611979206403096,0.3937102141203704,0.03380208412806193,0.13017216435185186
person,0.3141889953613287,0.29709544852927916,0.02680531819661572,0.09659830446596432
person,0.42488332117597216,0.10761836263868561,0.019712931414444294,0.11633734738385203
person,0.45351290345192014,0.11401201000920048,0.022546640237171307,0.11876114386099357
person,0.5332865397135417,0.22768519083658956,0.027168782552083333,0.1375926038953973
person,0.4990494789679853,0.08425871672453737,0.01705729126930085,0.11333441840277846
person,0.05877893978108991,0.16800908388914962,0.024679461593428677,0.11074690041718811
person,0.13033905029296874,0.6283043981481485,0.04036356608072916,0.1632060185185192
person,0.1922772725423182,0.5186120153356477,0.03269704182942803,0.14007776331018418
person,0.21948877970377698,0.5400697354917173,0.04057973225911648,0.14807386045102722
person,0.2283919778466232,0.49977123119212963,0.021865132451057433,0.11120334201388889
person,0.2503491719563807,0.5283026801215278,0.0277084350585947,0.1226806640625
person,0.6824595133463541,0.04610035083912105,0.020497639973958332,0.0922007016782421
person,0.6639932250976566,0.07104799623842795,0.013576049804688258,0.07170030381944849
person,0.8504766998688381,0.0842433456138325,0.020015899737675605,0.10030816113507239
person,0.5698771456877391,0.9606391059027778,0.03891607522964478,0.07872178819444445
person,0.934222768346469,0.5659404839409734,0.04381012002626979,0.16694317853009497
person,0.01460960159699122,0.11843906178886486,0.02921920319398244,0.09619344475828527
person,0.7171094300349552,0.05027777777777879,0.02411245544751447,0.10055555555555758
person,0.48246093750000035,0.06476851781209361,0.018307291666667426,0.111851850439
