person,0.5853828114271166,0.7382126009905786,0.04229687285423248,0.17885257466634222
person,0.6577539781729387,0.7598776945891212,0.047549704392749824,0.16176312934027923
person,0.8282530924479176,0.6759871600115746,0.04851485188802241,0.16697012442129597
person,0.6176875509818399,0.4120869502314815,0.02787510196367826,0.12212239583333331
person,0.3705570475260418,0.49532262731481613,0.03405257161458355,0.16472511574074347
person,0.08596144612630212,0.8859133029513908,0.05416044108072924,0.16857935474537408
person,0.40604225663344057,0.35825014411078615,0.028540812095006154,0.1390552650734241
person,0.8160470581054695,0.5310049908955894,0.04019755045573063,0.16167534637451153
person,0.9736813762982678,0.277500036168982,0.03090279165903548,0.12762955729166775
person,0.9269896635214488,0.28883332881221174,0.032578366756439436,0.13918517614293877
person,0.9249848942756659,0.20023992778636865,0.033594788551329205,0.12518616344310765
person,0.8954946633974712,0.11575925756383927,0.028146309216817517,0.12114814475730411
person,0.8650956128438319,0.08162259476273263,0.02221075693766347,0.10357071035879857
person,0.7299879848957062,0.101863606770834,0.019238014062245175,0.12330837673611247
person,0.6332833659648903,0.10554579021312546,0.022308268388113343,0.11901909778736203
person,0.6154334716796874,0.12507870596426546,0.02476180013020818,0.11643518970630762
person,0.496857259353002,0.3046833722149889,0.03153548224767029,0.133336941189236
person,0.5850260017712915,0.1510584129050939,0.023010499636331734,0.10410539641203961
person,0.37797914679845235,0.18698980147750194,0.029229208310443983,0.12716681360315202
person,0.31664583365122473,0.3962348813657408,0.03443750063578287,0.13186357060185203
person,0.31423651123046925,0.2989958031265828,0.026850708007813515,0.09625086551242328
person,0.4249224040309582,0.10760394922892273,0.01963484712441641,0.11638469243932613
person,0.45402794377009137,0.11399108250935872,0.022389220873513634,0.11840027844464338
person,0.5335418701171875,0.22931482018364882,0.02728474934895833,0.13700001073766477
person,0.4994166258176174,0.0822700737847225,0.01697924772898247,0.11223763020833387
person,0.058790421317021356,0.1679554803636347,0.0246531082590415,0.11079739012541756
person,0.12996917724609375,0.6344771409211336,0.04110331217447916,0.16549074017560056
person,0.19232094319661505,0.5185086443865735,0.03278438313802173,0.14000412326388761
person,0.2195572306315114,0.5398666636149089,0.040458455403647814,0.1479697276927807
person,0.22835436999797895,0.4996692346643518,0.0219403480688728,0.11120334201388885
person,0.2502204996744797,0.5281878436053241,0.02745109049479272,0.1226806640625
person,0.6821285196940106,0.0460932436342598,0.02045129394531268,0.0921864872685196
person,0.6641059508124991,0.07089250578703893,0.013391914645831093,0.07177054398148526
person,0.8508185781836509,0.0852372693662289,0.020491485794384444,0.10078356651023503
person,0.5693950260082881,0.957620533130787,0.038794527928034485,0.08475893373842591
person,0.9328219606876376,0.5621501012731495,0.044331421375273905,0.1657961516203728
person,0.01739607354005178,0.11802989512313987,0.03479214708010356,0.09599179256109454
person,0.7165783521334328,0.0503518518518528,0.023695848147074254,0.1007037037037056
person,0.4821458333333337,0.06577777693006788,0.01856250000000082,0.11218518348976296
