person,0.5848281240463258,0.7343165503607862,0.042614581425984475,0.17914467479564608
person,0.6555469163258878,0.7602051504629637,0.047364828745523134,0.16133043981481623
person,0.8293472696940112,0.6801224681712968,0.048430867513022356,0.16653284143518518
person,0.6177709350983305,0.4107398365162037,0.028771036863326317,0.12389069733796299
person,0.3708019002278648,0.4929604311342606,0.03404203287760428,0.1659309895833361
person,0.08769793701171882,0.886567364728011,0.056458292643229324,0.1670308521412073
person,0.40602270499865195,0.35663899626555307,0.028580240726470644,0.13968496591073576
person,0.8170939127604173,0.5350188793606231,0.04029134114583487,0.16159215686939343
person,0.9742259776989612,0.27861082175926005,0.031002411127089145,0.1271116898148163
person,0.9276206605235737,0.2899814780906406,0.03274986596902257,0.1383703635886862
person,0.9250999966859824,0.20163798635977334,0.033387493371962285,0.12287088012695409
person,0.8957006636857988,0.11633333135534317,0.028054566303889434,0.12044444048846006
person,0.8658158187866216,0.08224941225405187,0.022547327677409138,0.10376170066551116
person,0.7299676400423047,0.1017267975983803,0.019292701959609103,0.1234897641782421
person,0.633048462073009,0.10498083100495462,0.022278076489766836,0.1197041388617611
person,0.6149540100097657,0.1224722239176437,0.024678120930989658,0.11490741079824957
person,0.49697888231277493,0.30543156489619566,0.03154223728179885,0.13232204182942753
person,0.5853124192158385,0.15313534432870493,0.02279183061917595,0.104692274305558
person,0.37824995966752417,0.18411957550048777,0.028354248762129802,0.12609288363986437
person,0.3171718752384186,0.39875954861111124,0.03507291714350386,0.13355497685185216
person,0.31428402709960984,0.3008961577238865,0.026896097819011425,0.09590342655888218
person,0.4249614868859442,0.10758953581915985,0.019556762834388525,0.11643203749480023
person,0.4545429840882626,0.11397015500951697,0.0222318015098559,0.1180394130282932
person,0.5337972005208333,0.23094444953070808,0.027400716145833334,0.13640741757993227
person,0.49978377266724955,0.0802814308449076,0.016901204188663973,0.1111408420138893
person,0.0588019028529528,0.1679018768381198,0.024626754924654316,0.11084787983364701
person,0.12959930419921875,0.6406498836941188,0.041843058268229164,0.16777546183268188
person,0.1923646138509119,0.5184052734374993,0.032871724446615444,0.13993048321759122
person,0.2196256815592458,0.5396635917381004,0.040337178548179156,0.1478655949345342
person,0.2283167621493347,0.4995672381365741,0.02201556368668814,0.11120334201388889
person,0.2500918273925787,0.5280730070891204,0.027193745930990745,0.1226806640625
person,0.6817975260416669,0.04608613642939855,0.020404947916667027,0.0921722728587971
person,0.6642186765273417,0.0707370153356499,0.01320777948697393,0.07184078414352202
person,0.8511604564984637,0.08623119311862529,0.020967071851093404,0.10125897188539765
person,0.5689129063288372,0.9546019603587963,0.03867298062642443,0.09079607928240736
person,0.9314211530288062,0.5583597186053253,0.044852722724278135,0.16464912471065057
person,0.02190093994140625,0.11761982423287784,0.036927286783854166,0.09579014036390382
person,0.7160472742319108,0.050425925925926804,0.023279240846633915,0.10085185185185361
person,0.48183072916666714,0.06678703604804216,0.01881770833333428,0.11251851654052594
