person,0.5837187492847444,0.7265244491012015,0.04324999856948845,0.17972887505425375
person,0.6511327926317859,0.760860062210649,0.04699507745106987,0.1604650607638905
person,0.8315356241861986,0.6883930844907415,0.04826289876302248,0.16565827546296363
person,0.6179377033313118,0.40804560908564813,0.030562906662622305,0.12742730034722224
person,0.37129160563151065,0.4882360387731495,0.034020955403645615,0.1683427372685212
person,0.09117091878255223,0.8878754882812515,0.06105399576822947,0.1639338469328734
person,0.4059836017290748,0.35341670057508695,0.028659097989399623,0.14094436758535908
person,0.8191876220703133,0.5430466562906905,0.04047892252604323,0.16142577785915718
person,0.9753151805003483,0.280832392939816,0.031201650063196713,0.12607595486111342
person,0.9288826545278236,0.2922777766474984,0.033092864394188834,0.13674073848018115
person,0.9253302015066152,0.2044341035065827,0.03297290301322846,0.11824031349464688
person,0.8961126642624542,0.117481478938351,0.02787108047803327,0.119037031950772
person,0.8672562306722009,0.08350304723669036,0.023220469156900708,0.10414368127893628
person,0.729926950335502,0.1014531792534729,0.0194020777543372,0.12385253906250135
person,0.6325786542892463,0.10385091258861294,0.02221769269307359,0.12107422101055919
person,0.6139950866699221,0.1172592598244002,0.024510762532552615,0.11185185298213346
person,0.4972221282323206,0.3069279502586091,0.031555747350056035,0.1302922431098105
person,0.5858852541049323,0.157289207175927,0.02235449258486438,0.10586603009259474
person,0.37879158540566776,0.17837912354645935,0.026604329665501563,0.12394502371328905
person,0.31822395841280626,0.40380888310185215,0.03634375015894573,0.13693778935185238
person,0.314379058837891,0.3046968669184938,0.02698687744140713,0.09520854865179998
person,0.42503965259591636,0.10756070899963409,0.01940059425433276,0.11652672760574846
person,0.45557306472460496,0.11392830000983345,0.021916962782540433,0.11731768219559283
person,0.534307861328125,0.2342037082248266,0.027632649739583334,0.13522223126446717
person,0.5005180663665139,0.07630414496527785,0.01674511710802709,0.10894726562500014
person,0.0588248659248157,0.16779466978709,0.02457404825587995,0.11094885925010592
person,0.12885955810546876,0.652995369240089,0.04332255045572917,0.17234490514684458
person,0.19245195515950558,0.5181985315393509,0.033046407063802886,0.13978320312499826
person,0.21976258341471464,0.5392574479844836,0.04009462483724177,0.14765732941804108
person,0.2282415464520462,0.4993632450810186,0.022165994922318816,0.11120334201388894
person,0.24983448282877674,0.527843334056713,0.026679056803386825,0.1226806640625
person,0.6811355387369796,0.04607192201967606,0.020312255859375957,0.09214384403935212
person,0.6644441279570268,0.07042603443287186,0.0128395091692596,0.07198126446759556
person,0.851844213128089,0.08821904062341808,0.02191824396451132,0.10220978263572289
person,0.5679486669699353,0.9485648148148149,0.03842988602320408,0.10287037037037039
person,0.9286195377111438,0.5507789532696772,0.0458953254222866,0.16235507089120632
person,0.024504852096239916,0.11679932076254032,0.03755238811175066,0.09538683596952238
person,0.7149851184288665,0.05057407407407482,0.022446026245753477,0.10114814814814964
person,0.4812005208333339,0.06880555428399071,0.019328125000001074,0.11318518264205188
