person,0.6207075599034629,0.9240948712384259,0.05275154558817535,0.15181025752314817
person,0.7544332651297256,0.7383661058213965,0.05555378611882394,0.1686199431242744
person,0.7863173559506741,0.5256397555315935,0.04013552570343144,0.15001851569281588
person,0.6119799039363859,0.5168400302463108,0.038355315685271306,0.12938101535373248
person,0.3699839139858884,0.6609346064814815,0.04002446859677509,0.17379629629629623
person,0.04851170221964528,0.829240368737115,0.05692188262939434,0.1728036541408966
person,0.4108933472633364,0.47403794126157467,0.0339326092402132,0.14585004340277888
person,0.7769507967631019,0.37992332175925964,0.03656882985432877,0.14589409722222288
person,0.950407827830315,0.20380358943232918,0.03148297336896313,0.12112569738317147
person,0.8994879087169968,0.21461668113425933,0.030975654673575548,0.1304703414351853
person,0.9155200647115714,0.1240638432961916,0.029352629423140066,0.09260034284238322
person,0.8876948267221457,0.07134064450676143,0.027864968114430275,0.11688737987000435
person,0.8517099204328327,0.06702866142178761,0.022720852692922476,0.1028832777046863
person,0.7320324702262883,0.10899041387769946,0.018560057640074845,0.12278913215354706
person,0.6399282978971803,0.17360174560546981,0.02515281975269398,0.12675948079426977
person,0.6212568521499638,0.19438866980281824,0.023218117819893063,0.1253960220902043
person,0.4980059052228927,0.23451851569281745,0.030508473857243718,0.12725925360785473
person,0.57984624783198,0.097870261863426,0.022021190325418397,0.09840762442129644
person,0.38445901421485107,0.27611878697273673,0.030441239873567838,0.13444966885288095
person,0.31305458577474005,0.3245780526620372,0.03230749511718838,0.12451056134259289
person,0.31046024869989475,0.234658836396143,0.024971423325715017,0.08139931823981686
person,0.4296920166015631,0.12817846757394263,0.026282633463542857,0.11726115968492229
person,0.45397965043783206,0.12301426993476021,0.02183157463868497,0.12153309716118707
person,0.5302208852410318,0.16541001157407528,0.026023638971646848,0.1281059027777802
person,0.4788046569625539,0.13630390049498872,0.02034735103448278,0.11505632047300211
person,0.3899659276008606,0.043657407407408755,0.020821340878804523,0.08731481481481751
person,0.2042149111738914,0.07085350758744975,0.024587229755189188,0.1049802276234592
person,0.129068070473494,0.08718068778269696,0.03251991192499726,0.11110584572999996
person,0.062048202355703096,0.17556498138992876,0.025628794034321344,0.10998955479374639
person,0.15104142877790686,0.49955618650334394,0.03827557493139242,0.15609234342849806
person,0.1938846930861473,0.5260157367722006,0.028968116641044615,0.13608014895592088
person,0.21828175405661293,0.5479391168665003,0.03643228252728837,0.14859452424225986
person,0.23046695480744053,0.507862518451832,0.026936920682589023,0.10989640553792318
person,0.2533271537224455,0.5352941442418981,0.027735850413641096,0.1226806640625
person,0.6907753499348962,0.05219131469726597,0.018345133463542378,0.0924164835611986
person,0.6726806992789113,0.08032923839710428,0.013977935016154673,0.06532970075254188
person,0.8358355150699616,0.06772292017053688,0.020754282093048103,0.09940562043366637
