person,0.5831640619039538,0.7226283984714091,0.04356770714124044,0.18002097518355759
person,0.6489257307847348,0.7611875180844916,0.04681020180384318,0.16003237123842762
person,0.8326298014322925,0.6925283926504638,0.04817891438802254,0.16522099247685287
person,0.6180210874478026,0.4066984953703704,0.03145884156227036,0.12919560185185186
person,0.37153645833333354,0.485873842592594,0.034010416666666286,0.1695486111111138
person,0.09290740966796894,0.8885295500578717,0.06335184733072954,0.1623853443287064
person,0.4059640500942862,0.35180555272985387,0.02869852662086411,0.14157406842267073
person,0.8202344767252612,0.5470605447557243,0.040572713216147346,0.16134258835403906
person,0.9758597819010418,0.28194317853009393,0.03130126953125038,0.12555808738426197
person,0.9295136515299485,0.2934259259259273,0.03326436360677197,0.13592592592592861
person,0.9254453039169315,0.20583216207998736,0.032765607833861544,0.11592503017849326
person,0.8963186645507818,0.11805555272985489,0.027779337565105304,0.11833332768192796
person,0.8679764366149906,0.0841298647280096,0.023557039896646377,0.10433467158564882
person,0.7299066054821006,0.1013163700810192,0.019456765651701364,0.12403392650463098
person,0.632343750397365,0.1032859533804421,0.02218750079472708,0.12175926208495824
person,0.6135156250000003,0.11465277777777845,0.02442708333333409,0.11032407407407542
person,0.49734375119209345,0.3076761429398158,0.031562502384184656,0.12927734375000202
person,0.5861716715494794,0.15936613859953805,0.022135823567708712,0.10645290798611313
person,0.3790623982747396,0.17550889756944513,0.0257293701171875,0.12287109375000135
person,0.31875,0.40633355034722257,0.03697916666666667,0.13862919560185252
person,0.3144265747070316,0.3065972215157975,0.027032267252604925,0.09486110969825892
person,0.4250787354509024,0.10754629558987122,0.019322509964304874,0.11657407266122256
person,0.45608810504277625,0.11390737250999168,0.02175954341888276,0.11695681677924262
person,0.5345631917317708,0.23583333757188585,0.027748616536458333,0.13462963810673467
person,0.500885213216146,0.07431550202546297,0.01666707356770871,0.10785047743055556
person,0.058836347460747146,0.1677410662615751,0.024547694921492773,0.11099934895833535
person,0.12848968505859376,0.6591681120130741,0.044062296549479164,0.17462962680392594
person,0.19249562581380247,0.5180951605902768,0.03313374837239659,0.1397095630787017
person,0.21983103434244905,0.539054376107675,0.03997334798177311,0.14755319665979458
person,0.22820393860340193,0.4992612485532408,0.022241210540134185,0.11120334201388889
person,0.24970581054687577,0.5277284975405093,0.02642171223958485,0.1226806640625
person,0.680804545084636,0.046064814814814815,0.020265909830730303,0.09212962962962963
person,0.6645568536718693,0.07027054398148283,0.012655374010402435,0.07205150462963232
person,0.8521860914429017,0.08921296437581448,0.022393830021220158,0.10268518801088553
person,0.5674665472904844,0.9455462420428241,0.03830833872159379,0.10890751591435185
person,0.9272187300523124,0.5469885706018532,0.046416626771290714,0.1612080439814842
person,0.02559855103492718,0.11638888818246482,0.03744791587193769,0.09518518377233165
person,0.7144540405273441,0.050648148148148824,0.022029418945313257,0.10129629629629765
person,0.48088541666666723,0.06981481340196499,0.01958333333333447,0.11351851569281482
