person,0.582609374523163,0.7187323478416167,0.043885415712992426,0.18031307531286142
person,0.6467186689376838,0.7615149739583343,0.04662532615661649,0.15959968171296474
person,0.8337239786783863,0.6966637008101861,0.0480949300130226,0.1647837094907421
person,0.6185271452069288,0.4041337890625,0.031165374398230836,0.12852871817129632
person,0.3718657430013025,0.48020826099537167,0.03401444498697934,0.16617607060185438
person,0.0941749064127606,0.8912588975694458,0.06373352050781288,0.16381553819444697
person,0.4059966123700138,0.34820384611906846,0.02868511927127771,0.140258965386285
person,0.8212813313802091,0.551074433220758,0.04066650390625147,0.16125939884892096
person,0.9763884277343751,0.2840824107417366,0.03194189453125015,0.12661331685384303
person,0.9300792792638147,0.2966375868055568,0.03402737363179611,0.13842853009259504
person,0.9253305933078132,0.20879271895797166,0.033410942475000385,0.11959715666594327
person,0.8965444742838548,0.12024073876275063,0.02824438476562593,0.11985184789586734
person,0.8688524831136071,0.08427622251157454,0.023444630940754625,0.10400455729166762
person,0.729913522799809,0.10110539641203778,0.019456765651701364,0.12406698495370519
person,0.631944071769715,0.10130698550188887,0.022216024398802502,0.12123593280933331
person,0.6133543294668199,0.11358492476851907,0.024500000079473238,0.11101533564814924
person,0.4969912527004881,0.31041804108796395,0.03154850474993284,0.13112688078703896
person,0.5862237955729168,0.15983553964120467,0.02292740885416684,0.10544003182870561
person,0.37951501464843757,0.17436863425926005,0.026011637369791705,0.12418865740740904
person,0.3191927490234375,0.4080434027777779,0.03707283528645841,0.13869097222222249
person,0.3143915100495023,0.30791427951388967,0.02724289965629622,0.095680410879628
person,0.4251177369256805,0.10732705737926372,0.019244425674277407,0.11652672760574846
person,0.45634533256292414,0.11388626416524252,0.02211774845917868,0.11659595136289244
person,0.534719004313151,0.23624074413158302,0.027665954589843562,0.1341481549298327
person,0.5013600464264553,0.07339243344907422,0.016710571368535435,0.10836328125000026
person,0.058884210924307845,0.16761172817371603,0.024448679010072652,0.11089836954187646
person,0.12744123331705737,0.662208332203052,0.044263163248698056,0.17373379403573347
person,0.19247218831380242,0.517918041087962,0.03308687337239651,0.13978320312499815
person,0.21989948527018335,0.538938471193667,0.039852071126304234,0.14727436715585232
person,0.2282092180649446,0.49915925202546296,0.02223093612988653,0.11120334201388885
person,0.24983448282877663,0.5275696614583335,0.026679056803386617,0.1225930266203708
person,0.6804892781575524,0.045898148148148216,0.020250610351563482,0.09179629629629643
person,0.664484832147758,0.07004463252314946,0.012730080962179712,0.07198126446759522
person,0.8529238843917839,0.0893875338236497,0.022077586491900548,0.10233612088803799
person,0.5669844276110334,0.9425276692708333,0.0381867914199835,0.11494466145833332
person,0.9260415247281394,0.5431566297743069,0.045697632789611475,0.16024229600694695
person,0.02679386357466361,0.115754628993848,0.03577604095141054,0.0952685172469504
person,0.7138914388020837,0.0508055555555563,0.02210253906250088,0.1016111111111126
person,0.4809583333333339,0.07017129509537409,0.01972916666666779,0.11321296056111452
