person,0.5820546871423723,0.7148362972118243,0.04420312428474441,0.18060517544216526
person,0.6445116070906329,0.7618424298321769,0.0464404505093898,0.15916699218750177
person,0.8348181559244799,0.7007990089699085,0.048010945638022544,0.16434642650463133
person,0.6190332029660546,0.40156908275462966,0.030871907234191434,0.12786183449074087
person,0.37219502766927137,0.4745426793981494,0.03401847330729239,0.16280353009259496
person,0.09544240315755227,0.8939882450810196,0.06411519368489621,0.16524573206018733
person,0.4060291746457415,0.344602139508283,0.028671711921691254,0.13894386234989928
person,0.8223281860351569,0.5550883216857918,0.0407602945963557,0.16117620934380286
person,0.9769170735677083,0.28622164295337926,0.03258251953124992,0.12766854632342411
person,0.930644906997681,0.2998492476851863,0.03479038365682037,0.14093113425926143
person,0.9252158826986949,0.21175327583595593,0.0340562771161391,0.12326928315339329
person,0.8967702840169274,0.12242592479564642,0.028709431966146445,0.12137036810980673
person,0.8697285296122235,0.0844225802951395,0.023332221984862872,0.1036744429976864
person,0.7299204401175173,0.10089442274305635,0.019456765651701364,0.12410004340277939
person,0.631544393142065,0.0993280176233357,0.022244548002878044,0.1207126035337084
person,0.6131930339336394,0.11251707175925968,0.024572916825612384,0.11170659722222304
person,0.4966387542088828,0.313159939236112,0.03153450711568097,0.13297641782407585
person,0.5862759195963545,0.16030494068287124,0.02371899414062497,0.10442715567129805
person,0.37996763102213554,0.173228370949075,0.02629390462239597,0.12550622106481668
person,0.3196354980468751,0.4097532552083332,0.03716650390625015,0.13875274884259245
person,0.31435644539197294,0.30923133751198195,0.027453532059987514,0.09649971206099708
person,0.42515673840045853,0.10710781916865623,0.01916634138424988,0.11647938255027433
person,0.4566025600830721,0.11386515582049335,0.0224759534994746,0.11623508594654226
person,0.5348748168945311,0.23664815069128023,0.02758329264322891,0.1336666717529308
person,0.5018348796367644,0.07246936487268546,0.01675406916936216,0.10887608506944497
person,0.058932074387868544,0.16748239008585694,0.024349663098652555,0.11079739012541755
person,0.12639278157552097,0.6652485523930297,0.04446402994791696,0.17283796126754103
person,0.1924487508138024,0.5177409215856473,0.03303999837239644,0.13985684317129465
person,0.21996793619791769,0.5388225662796587,0.039730794270835396,0.1469955376519101
person,0.22821449752648734,0.4990572554976852,0.0222206617196389,0.11120334201388889
person,0.24996315511067752,0.5274108253761578,0.026936401367188414,0.12250538917824162
person,0.680174011230469,0.045731481481481616,0.02023531087239654,0.09146296296296323
person,0.6644128106236464,0.0698187210648161,0.01280478791395699,0.07191102430555812
person,0.8536616773406661,0.08956210327148492,0.021761342962580935,0.10198705376519043
person,0.5665023079315825,0.9395090964988426,0.03806524411837344,0.12098180700231478
person,0.9248643194039664,0.5393246889467606,0.04497863880793223,0.15927654803240973
person,0.02798917611440004,0.11512036980523119,0.03410416603088341,0.09535185072156915
person,0.7133288370768234,0.05096296296296377,0.022175659179688386,0.10192592592592754
person,0.4810312500000005,0.0705277767887832,0.019875000000001048,0.11290740542941423
