person,0.5814999997615816,0.710940246582032,0.044520832856496405,0.18089727557146912
person,0.6423045452435818,0.7621698857060195,0.04625557486216323,0.158734302662039
person,0.8359123331705739,0.7049343171296307,0.047926961263022726,0.16390914351852054
person,0.6195392607251806,0.3990043764467594,0.030578440070151796,0.1271949508101854
person,0.3725243123372403,0.4688770978009271,0.03402250162760533,0.15943098958333568
person,0.09670989990234394,0.8967175925925936,0.06449686686197956,0.1666759259259278
person,0.4060617369214691,0.34100043289749754,0.02865830457210491,0.13762875931351354
person,0.8233750406901049,0.5591022101508254,0.040854085286459826,0.1610930198386847
person,0.9774457194010415,0.28836087516502196,0.03322314453124969,0.12872377579300517
person,0.9312105347315472,0.30306090856481577,0.03555339368184451,0.14343373842592783
person,0.9251011720895768,0.2147138327139402,0.034701611757277935,0.1269414096408434
person,0.8969960937500002,0.12461111082854215,0.029174479166667194,0.12288888832374614
person,0.87060457611084,0.08456893807870446,0.023219813028971005,0.10334432870370519
person,0.7299273574352257,0.10068344907407496,0.019456765651701364,0.12413310185185362
person,0.6311447145144148,0.09734904974478249,0.022273071606953583,0.12018927425808351
person,0.6130317384004591,0.11144921875000026,0.024645833571751534,0.11239785879629684
person,0.4962862557172775,0.31590183738426003,0.031520509481429156,0.13482595486111273
person,0.586328043619792,0.16077434172453786,0.02451057942708298,0.10341427951389051
person,0.3804202473958334,0.17208810763889,0.026576171875000238,0.12682378472222441
person,0.32007824707031257,0.41146310763888866,0.03726017252604189,0.13881452546296244
person,0.3143213807344436,0.3105483955100741,0.027664164463678868,0.09731901324236622
person,0.42519573987523646,0.10688858095804875,0.01908825709422235,0.11643203749480026
person,0.4568597876032201,0.11384404747574418,0.022834158539770517,0.11587422053019204
person,0.5350306294759112,0.23705555725097735,0.02750063069661408,0.13318518857602882
person,0.5023097128470736,0.0715462962962967,0.01679756697018888,0.10938888888888972
person,0.05897993785142925,0.16735305199799785,0.024250647187232435,0.11069641070895868
person,0.1253443298339846,0.6682887725830077,0.04466489664713588,0.17194212849934856
person,0.19242531331380236,0.5175638020833326,0.03299312337239636,0.13993048321759122
person,0.220036387125652,0.5387066613656507,0.039609517415366495,0.14671670814796794
person,0.22821977698803,0.4989552589699074,0.022210387309391216,0.11120334201388889
person,0.25009182739257846,0.5272519892939822,0.027193745930990183,0.12241775173611226
person,0.6798587443033858,0.04556481481481502,0.020220011393229598,0.09112962962963005
person,0.664340789099535,0.06959280960648273,0.01287949486573415,0.071840784143521
person,0.8543994702895482,0.08973667271932013,0.021445099433261325,0.1016379866423429
person,0.5660201882521316,0.9364905237268518,0.03794369681676315,0.12701895254629633
person,0.9236871140797934,0.535492748119214,0.04425964482625299,0.15831080005787243
person,0.02918448865413647,0.11448611061661437,0.03243229111035627,0.09543518419618793
person,0.7127662353515629,0.051120370370371246,0.02224877929687601,0.10224074074074249
person,0.48110416666666717,0.0708842584821923,0.02002083333333437,0.1126018502977139
