person,0.5803906250000002,0.7031481453224472,0.04515625000000038,0.1814814758300768
person,0.63789042154948,0.7628247974537048,0.04588582356770985,0.15786892361111313
person,0.8381006876627614,0.7132049334490754,0.04775899251302273,0.163034577546299
person,0.6205513762434326,0.3938749638310187,0.02999150574207287,0.1258611834490744
person,0.3731828816731782,0.4575459346064825,0.03403055826823144,0.15268590856481684
person,0.09924489339192727,0.9021762876157414,0.06526021321614621,0.16953631365740876
person,0.40612686147292437,0.3337970196759266,0.028631489872932056,0.1349985532407421
person,0.8254687500000008,0.5671299870808929,0.04104166666666818,0.16092664082844851
person,0.978503011067708,0.29263933958830723,0.03450439453124924,0.13083423473216735
person,0.9323417901992798,0.30948423032407474,0.037079413731892906,0.14843894675926061
person,0.9248717508713402,0.22063494646990878,0.035992281039555485,0.13428566261574343
person,0.8974477132161458,0.12898148289433367,0.030104573567708334,0.12592592875162492
person,0.8723566691080729,0.08486165364583435,0.0229949951171875,0.10268410011574276
person,0.7299411920706423,0.10026150173611212,0.019456765651701364,0.12419921875000202
person,0.6303453572591148,0.09339111398767609,0.022330118815104546,0.11914261570683367
person,0.6127091473340982,0.10931351273148149,0.024791667064029826,0.11378038194444445
person,0.4955812587340669,0.3213856336805562,0.03149251421292547,0.13852502893518653
person,0.586432291666667,0.16171314380787105,0.026093749999999243,0.10138852719907543
person,0.38132548014322937,0.16980758101851987,0.027140706380208712,0.12945891203703974
person,0.32096374511718767,0.41488281249999936,0.03744750976562538,0.13893807870370237
person,0.31425125141938487,0.3131825115062586,0.028085429271061457,0.09895761560510437
person,0.4252737428247926,0.10645010453683376,0.01893208851416735,0.11633734738385203
person,0.457374242643516,0.11380183078624584,0.023550568620362356,0.11515248969749169
person,0.5353422546386715,0.23787037037037173,0.027335306803384658,0.13222222222222493
person,0.503259379267692,0.0697001591435192,0.01688456257184233,0.11041449652777913
person,0.059075664778550654,0.1670943758222797,0.02405261536439222,0.11049445187604087
person,0.12324742635091183,0.6743692129629634,0.04506663004557367,0.17015046296296366
person,0.19237843831380227,0.5172095630787032,0.032899373372396214,0.14007776331018418
person,0.22017328898112065,0.5384748515376343,0.03936696370442879,0.14615904914008349
person,0.22823033591111538,0.49875126591435187,0.02218983848889593,0.11120334201388889
person,0.2503491719563802,0.5269343171296307,0.027708435058593748,0.12224247685185388
person,0.6792282104492188,0.04523148148148182,0.02018941243489583,0.09046296296296363
person,0.664196746051312,0.069140986689816,0.013028908769288704,0.07170030381944681
person,0.8558750561873125,0.09008581161499057,0.020812612374622102,0.10093985239664781
person,0.5650559488932297,0.9304533781828704,0.0377006022135428,0.13909324363425926
person,0.9213327034314475,0.5278288664641212,0.042821656862894505,0.156379304108798
person,0.03157511373360933,0.11321759223938073,0.02908854126930199,0.09560185114542542
person,0.7116410319010422,0.0514351851851862,0.022395019531251135,0.1028703703703724
person,0.48125000000000046,0.07159722186901052,0.020312500000000948,0.11199074003431331
