person,0.5801039225260418,0.6962549167209209,0.04464632161458357,0.1773049723307283
person,0.6365804646809904,0.7662344473379641,0.04513073730468887,0.162345920138891
person,0.8391945597330737,0.7194930555555566,0.04767500813802255,0.1669027777777801
person,0.6210574340025588,0.39131025752314835,0.029698038578033346,0.1251942997685189
person,0.3735122477213552,0.45613082320601955,0.034034586588543726,0.15477539062500206
person,0.10001232910156278,0.9034676649305564,0.06395450846354227,0.17043504050926098
person,0.4061596271991728,0.3316758174189821,0.028618082523345655,0.13546317997685306
person,0.8271212361653653,0.5700094367133258,0.04113252766927218,0.15957486300998155
person,0.9790316569010414,0.29530888197157196,0.03514501953124937,0.13082812273943797
person,0.9332685425281525,0.31056626157407463,0.03712058115005483,0.14668229166666774
person,0.9253181974093119,0.22167867476851957,0.03551473140716557,0.13412413194444658
person,0.8980322946310042,0.12942748232241144,0.03025282168388337,0.12536726209852228
person,0.8731780002117154,0.0859685691550934,0.022772829850514497,0.10339619502314977
person,0.7299481093883508,0.1000505280671307,0.019456765651701364,0.12423227719907623
person,0.6300291748046879,0.09141214610912256,0.022524983723958888,0.1186192864312081
person,0.6126445314089453,0.10803034577546324,0.024670573234557243,0.11404029224537092
person,0.495229004383087,0.3227662398726857,0.03147851657867401,0.13765270543981586
person,0.586308512369792,0.1641371166087969,0.026549641927082725,0.10257761863426047
person,0.3816075642903648,0.16722269241898277,0.02708190917968789,0.12788794849537294
person,0.3208768310546876,0.4165926649305551,0.037267171223958624,0.13899985532407305
person,0.3143815512657162,0.314981411404081,0.027965576489765807,0.0988138066044539
person,0.4253127442995706,0.10623086632622626,0.01885400422413988,0.11629000232837793
person,0.45763147016366396,0.11378072244149667,0.023908773660658272,0.11479162428114151
person,0.5354982706705727,0.24086574074074196,0.027252644856770303,0.13367592592592836
person,0.5037343752384182,0.06852709056713038,0.016928060372669407,0.11042730034722371
person,0.05912352824211135,0.16696503773442062,0.0239535994529721,0.11039347245958196
person,0.1221991780598963,0.6786871744791669,0.04526749674479258,0.17181083622685242
person,0.19235500081380225,0.5170324435763886,0.032852498372396136,0.14015140335648063
person,0.22024173990885493,0.5383589466236263,0.03924568684895992,0.14588021963614126
person,0.22831369984149963,0.49864926938657406,0.022023233016331377,0.11120334201388885
person,0.2504778442382813,0.526863480179399,0.027965779622395902,0.12233011429398308
person,0.6788367930253346,0.04506481481481522,0.020022218863169055,0.09012962962963043
person,0.6641247245272005,0.06891507523148263,0.013103615721065982,0.07163006365740969
person,0.8564930982192362,0.0902603087248631,0.0207362778186783,0.10059078527380026
person,0.563419799804688,0.9279857494212963,0.0377006022135428,0.14402850115740742
person,0.9201554981072744,0.5239969256365749,0.04210266288121526,0.15541355613426075
person,0.032770426273345754,0.11258333305076391,0.027416666348774845,0.09568518462004418
person,0.7110784301757819,0.051592592592593675,0.02246813964843876,0.10318518518518735
person,0.4813229166666671,0.07195370356241963,0.020458333333334265,0.11168518490261299
