person,0.5798172200520834,0.6893616881193945,0.04413639322916687,0.17312846883137986
person,0.6352705078125007,0.7696440972222234,0.044375651041668004,0.1668229166666687
person,0.8402884318033862,0.7257811776620381,0.047591023763022496,0.17077097800926108
person,0.6215634917616846,0.388745551215278,0.029404571413993944,0.12452741608796343
person,0.3738416137695321,0.4547157118055566,0.034038614908856006,0.15686487268518726
person,0.10077976481119834,0.9047590422453714,0.06264880371093834,0.17133376736111305
person,0.40619239292542125,0.3295546151620376,0.028604675173759257,0.13592780671296403
person,0.8287737223307299,0.5728888863457586,0.04122338867187641,0.15822308519151462
person,0.9795603027343747,0.2979784243548366,0.03578564453124962,0.1308220107467086
person,0.934195294857025,0.31164829282407447,0.03716174856821688,0.1449256365740749
person,0.9257646439472836,0.22272240306713045,0.03503718177477566,0.13396260127314977
person,0.8986168760458625,0.12987348175048924,0.030401069800058522,0.12480859544541967
person,0.8739993313153581,0.08707548466435246,0.022550664583841376,0.10410828993055676
person,0.7299550267060589,0.09983955439814929,0.019456765651701364,0.12426533564815043
person,0.6297129923502607,0.08943317823056902,0.022719848632813112,0.11809595715558248
person,0.6125799154837923,0.10674717881944498,0.02454947940508454,0.11430020254629739
person,0.4948767500321071,0.32414684606481525,0.03146451894442256,0.13678038194444522
person,0.586184733072917,0.16656108940972275,0.02700553385416621,0.10376671006944552
person,0.3818896484375002,0.16463780381944565,0.02702311197916701,0.12631698495370614
person,0.3207899169921876,0.4183025173611107,0.03708683268229187,0.13906163194444365
person,0.3145118511120476,0.3167803113019034,0.02784572370847022,0.09866999760380338
person,0.4253517457743487,0.10601162811561878,0.018775919934112355,0.1162426572729038
person,0.4578886976838119,0.11375961409674751,0.024266978700954192,0.11443075886479133
person,0.5356542867024738,0.24386111111111217,0.027169982910155946,0.13512962962963176
person,0.5042093712091444,0.06735402199074156,0.016971558173496545,0.1104401041666683
person,0.05917139170567206,0.16683569964656156,0.023854583541552003,0.11029249304312307
person,0.12115092976888074,0.6830051359953706,0.045468363444011485,0.1734712094907411
person,0.1923315633138022,0.5168553240740738,0.03280562337239606,0.14022504340277714
person,0.2203101908365893,0.538243041709618,0.03912440999349108,0.145601390132199
person,0.22839706377188387,0.49854727285879635,0.021856627543766827,0.11120334201388889
person,0.25060651652018234,0.5267926432291673,0.028223124186198056,0.12241775173611226
person,0.6784453756014505,0.04489814814814862,0.019855025291442393,0.08979629629629723
person,0.6640527030030889,0.06868916377314925,0.01317832267284326,0.0715598234953726
person,0.85711114025116,0.09043480583473563,0.020659943262734615,0.10024171815095273
person,0.5617836507161463,0.9255181206597223,0.0377006022135428,0.14896375868055556
person,0.9189782927831015,0.5201649848090285,0.04138366889953602,0.15444780815972353
person,0.03396573881308219,0.11194907386214709,0.02574479142824771,0.09576851809466291
person,0.7105158284505215,0.05175000000000115,0.022541259765626265,0.1035000000000023
person,0.4813958333333338,0.07231018525582875,0.020604166666667527,0.1113796297709127
