person,0.5792438151041668,0.6755752309163419,0.04311653645833348,0.16477546183268316
person,0.6326505940755214,0.7764633969907417,0.04286547851562628,0.17577690972222418
person,0.8424761759440111,0.7383574218750006,0.047423055013022145,0.17850737847222328
person,0.6225756072799365,0.38361613859953736,0.0288176370859149,0.1231936487268525
person,0.3745003458658861,0.45188548900463066,0.03404667154948052,0.16104383680555753
person,0.10231463623046941,0.9073417968750013,0.060037394205730454,0.17313122106481715
person,0.4062579243779182,0.3253122106481486,0.028577860474586398,0.136857060185186
person,0.8320786946614589,0.5786477856106241,0.04140511067708464,0.15551952955458076
person,0.9806175944010415,0.30331750912136596,0.037066894531249873,0.1308097867612499
person,0.9360487995147703,0.31381235532407425,0.03724408340454074,0.14141232638888918
person,0.926657537023227,0.22480985966435216,0.034082082509995594,0.13363953993055613
person,0.8997860388755794,0.1307654806066448,0.030697566032408828,0.12369126213921441
person,0.8756419935226435,0.08928931568287059,0.022106334050495134,0.10553247974537078
person,0.7299688613414756,0.09941760706018647,0.019456765651701364,0.12433145254629886
person,0.6290806274414067,0.08547524247346196,0.023109578450521796,0.1170492986043313
person,0.6124506836334863,0.10418084490740849,0.024307291746139253,0.1148200231481503
person,0.4941722413301473,0.3269080584490742,0.03143652367591964,0.135035734953704
person,0.5859371744791667,0.1714090350115745,0.02791731770833318,0.10614489293981563
person,0.382453816731771,0.15946802662037146,0.026905517578125367,0.12317505787037254
person,0.32061608886718757,0.42172222222222205,0.03672615559895842,0.13918518518518486
person,0.31477245080471034,0.320378111097548,0.027606018145878982,0.09838237960250233
person,0.42542974872390465,0.10557315169440379,0.018619751354057298,0.11614796716195559
person,0.45840315272410787,0.11371739740724918,0.02498338878154603,0.11370902803209093
person,0.5359663187662761,0.24985185185185269,0.027004659016927234,0.13803703703703865
person,0.5051593631505968,0.06500788483796391,0.01705855377515076,0.11046571180555745
person,0.059267118632793464,0.16657702347084338,0.023656551718711786,0.11009053421020529
person,0.11905443318684962,0.691641059027778,0.045870096842449276,0.17679195601851863
person,0.19228468831380213,0.5165010850694444,0.03271187337239591,0.1403723234953702
person,0.22044709269205795,0.5380112318816017,0.03888185628255334,0.14504373112431462
person,0.22856379163265234,0.4983432798032408,0.021523416598637754,0.11120334201388894
person,0.2508638610839845,0.5266509693287039,0.02873781331380239,0.1225930266203708
person,0.6776625407536819,0.044564814814815425,0.01952063814798907,0.08912962962963085
person,0.6639086599548659,0.06823734085648253,0.013327736576397697,0.07141934317129839
person,0.8583472243150072,0.09078380005448068,0.020507274150847247,0.09954358390525765
person,0.558511352539063,0.9205828631365741,0.0377006022135428,0.15883427372685185
person,0.9166238821347555,0.5125011031539356,0.039945680936177536,0.152516312210649
person,0.036356363892555046,0.11068055548491346,0.02240104158719343,0.09593518504390044
person,0.7093906250000007,0.0520648148148161,0.022687500000001394,0.1041296296296322
person,0.48154166666666703,0.07302314864264696,0.020895833333334106,0.1107685195075121
