person,0.6207812496026359,0.9211371527777779,0.05229166587193769,0.15772569444444445
person,0.7528124980131793,0.7384405856662313,0.054270829359688834,0.16799083568431444
person,0.786890462239584,0.5265751577306673,0.040073242187501516,0.1481481453224458
person,0.6119065129756923,0.512547019675926,0.038500119050343076,0.1267578125
person,0.3704099182287858,0.6544900173611108,0.039674003124235926,0.1706481481481475
person,0.04932498701413483,0.8299429315637661,0.056943756580352556,0.17151202053493964
person,0.4108761425813043,0.469352936921297,0.03331478516260707,0.14259042245370507
person,0.7777901347478225,0.38134259259259295,0.03672650973002002,0.14509259259259327
person,0.9505729166666669,0.20555555414270607,0.031875000000000375,0.1216666638409623
person,0.9000112092494968,0.21643337673611113,0.031376585165658825,0.13102213541666669
person,0.9161253414551425,0.12507740727177305,0.02881318291028189,0.09293186894169425
person,0.8881976318359383,0.07143482349537138,0.028083902994793183,0.11657479745370573
person,0.8519462513128919,0.06721206594396521,0.023041265646617147,0.10294265040644893
person,0.7320312494039541,0.10868282812613062,0.0186458321412393,0.12259930787263161
person,0.6398674633502963,0.17277778060348048,0.02512677240371772,0.12777778342917911
person,0.6217448933919276,0.19291702976933164,0.023281046549480305,0.12583333615903367
person,0.49792887369791666,0.236249997174299,0.030704752604166666,0.12731480916341012
person,0.579934534033139,0.09930555555555556,0.02202320218086129,0.09861111111111112
person,0.38461392369093694,0.27445394884902286,0.03034257539113317,0.13514560024434197
person,0.3132343546549483,0.3253173828125,0.03228129069010492,0.12343930844907408
person,0.31072757411886154,0.23591663541126656,0.025008388978463476,0.08142407907870595
person,0.4297819010416674,0.12747774166530992,0.02616536458333485,0.11723485254358282
person,0.4538206018606824,0.12255023249873408,0.021795663356781483,0.12172662240487558
person,0.5304877726236981,0.1674059606481495,0.026211954752604544,0.12963252314815085
person,0.47923817408084896,0.13495424623842728,0.020193063656489586,0.11490632233796566
person,0.38983327229817727,0.04379629629629731,0.020541788736979545,0.08759259259259462
person,0.20523130385964036,0.06984003263246001,0.024930200311872052,0.10511417341821219
person,0.130525208411393,0.08566635288819481,0.0321825963656101,0.11115218237103743
person,0.06202918700377191,0.1752461518181695,0.02563845213254201,0.10998955479374639
person,0.1507028530703652,0.5026795538757077,0.03886004280161005,0.15660975075552974
person,0.19387921293576557,0.5256298423892685,0.0290507435798645,0.1360890475614563
person,0.21839627726872793,0.5474823026303892,0.03610407797495592,0.14859452424225988
person,0.2304605437119803,0.507428109910753,0.02649432961146013,0.10998353463632088
person,0.25319319677352947,0.5350049732349537,0.027334066073100693,0.12268066406249996
person,0.6906264241536462,0.05182329418041129,0.018642985026042426,0.09247760687934109
person,0.6725091427961989,0.08008337769685028,0.013640681425729658,0.06547563849555242
person,0.8361979166666667,0.06790497038099501,0.020833333333333332,0.09969882965087891
