person,0.5789571126302083,0.6686820023148156,0.04260660807291666,0.16059895833333468
person,0.6313406372070318,0.779873046875001,0.0421103922526053,0.18025390625000204
person,0.8435700480143234,0.7446455439814819,0.04733907063802197,0.18237557870370438
person,0.6230816650390627,0.381051432291667,0.02852416992187538,0.12252676504629698
person,0.37482971191406306,0.4504703776041677,0.034050699869792804,0.16313331886574275
person,0.10308207194010492,0.9086331741898162,0.05873168945312651,0.17402994791666937
person,0.4062906901041667,0.32319100839120407,0.028564453125,0.13732168692129698
person,0.8337311808268235,0.5815272352430569,0.04149597167968864,0.1541677517361138
person,0.981146240234375,0.3059870515046306,0.03770751953125,0.13080367476852053
person,0.936975551843643,0.3148943865740741,0.03728525082270266,0.1396556712962963
person,0.9271039835611986,0.22585358796296298,0.03360453287760568,0.13347800925925926
person,0.9003706202904378,0.13121148003472258,0.030845814148583863,0.12313259548611179
person,0.8764633246262861,0.09039623119212964,0.021884168783822135,0.10624457465277778
person,0.7299757786591841,0.09920663339120506,0.019456765651701364,0.12436451099537307
person,0.6287644449869797,0.08349627459490842,0.023304443359376138,0.11652596932870572
person,0.6123860677083334,0.10289767795139024,0.024186197916666666,0.11507993344907677
person,0.4938199869791674,0.3282886646412037,0.03142252604166818,0.13416341145833333
person,0.5858133951822917,0.17383300781250036,0.028373209635416667,0.10733398437500068
person,0.3827359008789064,0.15688313802083434,0.026846720377604546,0.12160409432870573
person,0.3205291748046875,0.42343207465277777,0.036545817057291666,0.13924696180555557
person,0.3149027506510417,0.3221770109953704,0.027486165364583332,0.09823857060185186
person,0.4254687501986827,0.1053539134837963,0.018541667064029828,0.11610062210648149
person,0.4586603802442558,0.11369628906250001,0.025341593821841948,0.11334816261574074
person,0.5361223347981773,0.2528472222222229,0.02692199707031288,0.13949074074074208
person,0.505634359121323,0.06383481626157508,0.01710205157597784,0.11047851562500202
person,0.05931498209635416,0.16644768538298432,0.023557535807291665,0.10998955479374639
person,0.11800618489583409,0.6959590205439815,0.04607096354166818,0.17845232928240742
person,0.19226125081380208,0.5163239655671297,0.03266499837239583,0.14044596354166666
person,0.22051554361979223,0.5378953269675937,0.03876057942708447,0.1447649016203724
person,0.2286471555630366,0.49824128327546297,0.0213568111260732,0.11120334201388889
person,0.2509925333658856,0.5265801323784722,0.028995157877604545,0.1226806640625
person,0.6772711233297978,0.044398148148148825,0.019353444576262292,0.08879629629629765
person,0.6638366384307546,0.06801142939814916,0.013402443528174974,0.07134910300926128
person,0.8589652663469308,0.0909582971643532,0.020430939594903445,0.0991945167824101
person,0.5568752034505214,0.9181152343750001,0.0377006022135428,0.16376953125000002
person,0.9154466768105824,0.5086691623263893,0.03922668695449829,0.1515505642361118
person,0.03755167643229148,0.11004629629629664,0.02072916666666629,0.0960185185185192
person,0.7088280232747404,0.05222222222222357,0.022760620117189014,0.10444444444444714
person,0.4816145833333337,0.07337963033605606,0.021041666666667423,0.11046296437581178
