person,0.5783270365397136,0.6656617115162045,0.04241884358723962,0.16191731770833467
person,0.6295685525735225,0.782214481918901,0.041706644535065604,0.17938592274983886
person,0.8452626647949223,0.74874584056713,0.047766337076823956,0.18213794849537102
person,0.6233125813404721,0.37822406691092075,0.028729044516881547,0.12192223683110029
person,0.3748831888834641,0.4465299661424433,0.03393731689453242,0.16234776503951626
person,0.10366886393229235,0.9096831958912049,0.05812060546875141,0.1728002748842618
person,0.40581267293294276,0.32049685329861155,0.028520487467448005,0.13685814525463044
person,0.8350159606933599,0.5862031973379641,0.04172849527994901,0.1552232349537061
person,0.9818584696451823,0.30760890480324177,0.03628306070963537,0.13093033854166877
person,0.9377937738299368,0.3174474012586806,0.03741646611690482,0.14027186414930568
person,0.9273998107910164,0.2277775245949075,0.0339087117513035,0.13372272858796316
person,0.9008830374081924,0.1324839409722226,0.03080810769398887,0.12358767361111184
person,0.8771008666952445,0.09057421875000005,0.02174262694517625,0.10620341435185192
person,0.7300234278440471,0.09881830512152899,0.01952480165163557,0.12434487123842836
person,0.6286601867675787,0.08176699942129727,0.023315043131511476,0.11633637152777973
person,0.6122747396826744,0.10119208441840413,0.023855468948682082,0.1147434714988453
person,0.4939250081380215,0.33064026331018526,0.03165006510416788,0.13481206597222237
person,0.5861528015136719,0.17518581814236145,0.02801279703776037,0.10740614149305622
person,0.38252738444010437,0.15509754774305645,0.027031901041667084,0.12182342303240921
person,0.32032621256510424,0.4255484483506945,0.03667049153645845,0.13894014033564825
person,0.3149971313675244,0.3238343098958334,0.027448486367861354,0.09884989872685192
person,0.4255144858558978,0.10505926287615745,0.018627279003460253,0.11604611545138883
person,0.4588116329908377,0.11336369719328711,0.024925430695214423,0.11343927228009272
person,0.5361898498137793,0.2542384256433565,0.027141255617142097,0.13957870313856433
person,0.5061479292313262,0.06269207537615835,0.017029501040776,0.10991214554398337
person,0.059383483926455184,0.16609179849977845,0.0235663656393687,0.1098387619301125
person,0.11711133829752678,0.6993732819733796,0.04601690673828272,0.17745713975694447
person,0.19235287475585938,0.5160808015046295,0.0325964965820312,0.14054991319444432
person,0.2205085957646375,0.5374646354957874,0.03880303951104587,0.1449875753897224
person,0.22876160667339965,0.49792901837384274,0.021273213346799272,0.11126746961805586
person,0.2508655293782554,0.5262290265118633,0.02882822672526079,0.12269278971354149
person,0.6766903733015056,0.04373148148148209,0.019646208842594604,0.08746296296296419
person,0.6639269329309465,0.0679795192789157,0.013239282528558978,0.07091708253931286
person,0.859488078196843,0.09144108072916796,0.02080985593795681,0.09945117187500256
person,0.5562060546875005,0.9136436631944445,0.0377006022135428,0.16549045138888885
person,0.9143687959512073,0.5062900390625005,0.039102175235748264,0.15304955150463043
person,0.03963209025065093,0.10813519965277818,0.020849670410156017,0.09389626736111191
person,0.7082498982747403,0.05222222222222357,0.023010620117188907,0.10444444444444714
person,0.48163541666666704,0.07462500063578385,0.021083333333334054,0.11076851979008233
