person,0.5758067321777347,0.6535805483217599,0.041667785644531816,0.16719075520833468
person,0.6224802140394852,0.7915802220945007,0.04009165366490682,0.17591398874918654
person,0.8520331319173181,0.7651470269097226,0.04947540283203201,0.18118742766203771
person,0.6242362465461094,0.36691460538793563,0.029548542896906345,0.11950412397031364
person,0.3750970967610684,0.4307683202955458,0.03348378499349091,0.1592055497346101
person,0.10601603190104214,0.91388328269676,0.055676269531250946,0.16788158275463097
person,0.4039006042480471,0.3097202329282414,0.02834462483723996,0.1350039785879643
person,0.8401550801595055,0.6049070457175932,0.04265858968099015,0.15944516782407542
person,0.9847073872884115,0.3140963179976864,0.030585225423177084,0.13143699363426162
person,0.9410666617751119,0.32765945999710683,0.03794132729371332,0.14273663556134328
person,0.9285831197102871,0.2354732711226857,0.03512542724609489,0.1347016059027788
person,0.9029327058792115,0.13757378472222273,0.030657281875609024,0.12540798611111212
person,0.8796510349710777,0.09128616898148165,0.021176459590592837,0.10603877314814848
person,0.7302140245834986,0.09726499204282475,0.019796945651372272,0.1242663122106495
person,0.6282431538899743,0.0748498987268527,0.02335744222005284,0.11557798032407576
person,0.611829427580039,0.09436971028645968,0.02253255307674351,0.11339762369791936
person,0.49434509277343747,0.34004665798611144,0.03256022135416667,0.13740668402777845
person,0.5875104268391927,0.1805970594618059,0.026571146647135415,0.10769476996527845
person,0.3816933186848961,0.14795518663194496,0.027772623697917234,0.12270073784722324
person,0.3195143636067712,0.4340139431423613,0.03716918945312576,0.13771285445601886
person,0.31537465423345545,0.3304635054976854,0.027297770380973436,0.10129521122685219
person,0.4256974284847582,0.10388066044560203,0.01896972676118196,0.11582808883101818
person,0.4594166439771655,0.11203332971643552,0.023260778188704496,0.11380371093750068
person,0.5364599098761876,0.2598032393278909,0.028018289804458616,0.13993055272985322
person,0.5082022096713388,0.05812111183449142,0.016739298899968464,0.10764666521990876
person,0.059657491246859234,0.16466825096695512,0.023601684967676798,0.1092355904755769
person,0.11353195190429753,0.7130303276909723,0.04580067952474091,0.1734763816550926
person,0.19271937052408863,0.5151081452546291,0.032322489420572725,0.14096571180555456
person,0.2204808043440186,0.5357418696085621,0.03897287984689134,0.14587827046712273
person,0.2292194111148518,0.4966799587673618,0.020938822229703648,0.11152398003472358
person,0.25035751342773455,0.5248246030454278,0.028160502115885794,0.12274129231770732
person,0.6743673731883367,0.04106481481481515,0.02081726590792338,0.0821296296296303
person,0.6642881109317145,0.06785187880198178,0.012586638530095229,0.0691890006595191
person,0.8615793255964912,0.09337221498842695,0.022325521310169922,0.1004777922453724
person,0.5535294596354172,0.8957573784722223,0.0377006022135428,0.17237413194444445
person,0.9100572725137075,0.4967735460069451,0.038604128360748294,0.15904550057870506
person,0.04795374552408873,0.10049081307870437,0.02133168538411496,0.08540726273148283
person,0.7059373982747402,0.05222222222222357,0.024010620117188824,0.10444444444444714
person,0.48171875000000025,0.07960648183469504,0.021250000000000567,0.11199074144716448
