person,0.57517665608724,0.6505602575231489,0.041480021158854775,0.16850911458333467
person,0.620708129405976,0.7939216571384007,0.039687905947367125,0.1750460052490234
person,0.853725748697917,0.7692473234953707,0.04990266927083399,0.18094979745370435
person,0.6244671628475189,0.36408724000718934,0.029753417491912515,0.11889959575511695
person,0.3751505737304694,0.42682790883382143,0.03337040201823053,0.1584199959083836
person,0.10660282389322957,0.9149333043981488,0.05506518554687584,0.16665190972222343
person,0.40342258707682316,0.30702607783564895,0.028300659179687965,0.1345404369212978
person,0.8414398600260419,0.6095830078125005,0.042891113281250524,0.16050065104166772
person,0.9854196166992187,0.3157181712962975,0.029160766601562454,0.13156365740740983
person,0.9418848837614057,0.3302124746817134,0.038072542587915474,0.14335282841435265
person,0.9288789469401048,0.23739720775463022,0.035429606119792706,0.1349463252314827
person,0.9034451229969661,0.13884624565972278,0.030619575421014032,0.12586306423611218
person,0.880288577040036,0.09146415653935205,0.021034917751946953,0.10599761284722263
person,0.7302616737683616,0.09687666377314869,0.019864981651306478,0.1242466724537048
person,0.6281388956705733,0.07312062355324155,0.02336804199218818,0.11538838252314976
person,0.6117180995543802,0.09266411675347358,0.022201824108758927,0.11306116174768789
person,0.49445011393229155,0.342398256655093,0.03278776041666636,0.1380553385416675
person,0.5878498331705729,0.18194986979166702,0.026210734049479118,0.107766927083334
person,0.38148480224609405,0.14616959635416707,0.027957804361979772,0.12292006655092673
person,0.319311401367188,0.436130316840278,0.03729386393229254,0.13740603298611156
person,0.3154690349499382,0.33212080439814834,0.027260091384251457,0.10190653935185226
person,0.42574316414197333,0.10358600983796318,0.019055338700612386,0.11577358217592552
person,0.4595678967237474,0.11170073784722263,0.02284461506207697,0.11389482060185266
person,0.5365274248917896,0.26119444274902454,0.028237548351287837,0.14001851512767544
person,0.508715779781342,0.05697837094907468,0.016666748364766625,0.10708029513889011
person,0.05972599307696025,0.16431236408374927,0.02361051479975383,0.109084797611943
person,0.11263710530599022,0.7164445891203703,0.04574662272135545,0.17248119212962965
person,0.19281099446614594,0.514864981192129,0.032253987630208085,0.1410696614583322
person,0.22047385648886386,0.5353111781367558,0.03901533993085273,0.14610094423647274
person,0.22933386222521487,0.4963676938657416,0.020855224450429716,0.11158810763889054
person,0.2502305094401044,0.5244734971788189,0.02799357096354204,0.12275341796874881
person,0.6737866231600445,0.04039814814814842,0.02111003017425569,0.08079629629629684
person,0.6643784054319064,0.06781996868274831,0.012423477530479232,0.06875698018957069
person,0.8621021374464033,0.09385499855324168,0.02270443765322329,0.10073444733796486
person,0.5528603108723964,0.8912858072916666,0.0377006022135428,0.17409505208333328
person,0.9089793916543324,0.49439442274305634,0.03847961664199827,0.1605444878472237
person,0.05003415934244818,0.09857971643518593,0.021452189127604694,0.08328501157407554
person,0.7053592732747401,0.05222222222222357,0.024260620117188717,0.10444444444444714
person,0.4817395833333336,0.08085185213442282,0.021291666666667198,0.11229629686143502
