person,0.5745465799967453,0.6475399667245377,0.04129225667317785,0.1698274739583347
person,0.6189360447724666,0.7962630921823006,0.03928415822982743,0.17417802174886032
person,0.8554183654785159,0.7733476200810189,0.050329935709635974,0.18071216724537106
person,0.624698079148928,0.36125987462644304,0.029958292086918803,0.11829506753992027
person,0.37520405069987045,0.422887497372097,0.033257019042970154,0.15763444208215702
person,0.10718961588541703,0.9159833260995375,0.05445410156250074,0.16542223668981557
person,0.4029445699055992,0.30433192274305637,0.02825669352213591,0.13407689525463126
person,0.8427246398925784,0.6142589699074079,0.04312363688151078,0.16155613425926013
person,0.986131846110026,0.3173400245949087,0.02773630777994794,0.13169032118055804
person,0.9427031057476993,0.33276548936631994,0.03820375788211763,0.14396902126736205
person,0.9291747741699223,0.23932114438657476,0.03573378499349064,0.1351910445601866
person,0.9039575401147211,0.1401187065972228,0.03058186896641916,0.12631814236111227
person,0.8809261191089942,0.09164214409722246,0.02089337591330119,0.10595645254629678
person,0.7303093229532245,0.09648833550347262,0.019933017651240566,0.12422703269676008
person,0.6280346374511722,0.0713913483796304,0.023378641764323523,0.11519878472222378
person,0.6116067715287213,0.09095852322048746,0.021871095140774226,0.11272469979745639
person,0.4945551350911455,0.3447498553240746,0.03301529947916606,0.13870399305555653
person,0.5881892395019531,0.18330268012152814,0.02585032145182294,0.10783908420138957
person,0.381276285807292,0.14438400607638918,0.02814298502604231,0.12313939525463025
person,0.3191084391276047,0.4382466905381947,0.03741853841145938,0.13709921151620413
person,0.315563415666421,0.33377810329861135,0.02722241238752948,0.10251786747685233
person,0.4257888997991884,0.10329135923032431,0.01914095064004281,0.11571907552083287
person,0.4597191494703293,0.11136814597800973,0.022428451935449505,0.11398593026620464
person,0.5365949399073918,0.2625856461701581,0.028456806898116877,0.14010647752549765
person,0.5092293498913452,0.055835630063657944,0.016594197829564727,0.10651392505787144
person,0.059794494907061256,0.16395647720054343,0.02361934463183085,0.1089340047483091
person,0.11174225870768292,0.7198588505497686,0.04569256591797,0.1714860026041666
person,0.19290261840820322,0.514621817129629,0.03218548583984348,0.14117361111110968
person,0.22046690863370913,0.5348804866649494,0.03905780001481407,0.14632361800582291
person,0.22944831333557794,0.49605542896412136,0.02077162667115582,0.11165223524305741
person,0.2501035054524741,0.52412239131221,0.027826639811198314,0.1227655436197903
person,0.6732058731317523,0.03973148148148169,0.02140279444058777,0.07946296296296337
person,0.6644686999320983,0.06778805856351482,0.012260316530863354,0.06832495971962226
person,0.8626249492963154,0.09433778211805643,0.023083353996276538,0.10099110243055731
person,0.5521911621093756,0.8868142361111112,0.0377006022135428,0.17581597222222226
person,0.9079015107949575,0.4920152994791675,0.03835510492324836,0.16204347511574232
person,0.05211457316080763,0.09666861979166748,0.021572692871094423,0.0811627604166683
person,0.7047811482747401,0.05222222222222357,0.024510620117188728,0.10444444444444714
person,0.4817604166666669,0.08209722243415062,0.021333333333333825,0.11260185227570554
