person,0.5739165039062504,0.6445196759259266,0.04110449218750093,0.1711458333333347
person,0.6171639601389572,0.7986045272262005,0.03888041051228773,0.17331003824869726
person,0.8571109822591149,0.7774479166666671,0.050757202148438076,0.1804745370370377
person,0.6249289954503375,0.3584325092456968,0.030163166681924855,0.11769053932472368
person,0.37525752766927156,0.4189470859103727,0.03314363606770977,0.15684888825593052
person,0.10777640787760447,0.9170333478009262,0.05384301757812559,0.164192563657408
person,0.4024665527343753,0.30163776765046385,0.028212727864583974,0.13361335358796472
person,0.8440094197591146,0.6189349320023151,0.04335616048177104,0.16261161747685232
person,0.9868440755208333,0.3189618778935198,0.02631184895833331,0.13181698495370628
person,0.9435213277339932,0.33531850405092645,0.03833497317631966,0.14458521412037148
person,0.92947060139974,0.24124508101851938,0.03603796386718834,0.13543576388889053
person,0.9044699572324757,0.1413911675347228,0.03054416251182405,0.1267732204861123
person,0.8815636611779527,0.09182013165509285,0.02075183407465519,0.10591529224537091
person,0.7303569721380875,0.09610000723379658,0.02000105365117489,0.12420739293981535
person,0.6279303792317711,0.06966207320601926,0.023389241536458865,0.11500918692129777
person,0.6114954435030623,0.08925292968750136,0.021540366172789642,0.11238823784722493
person,0.49466015624999954,0.3471014539930561,0.03324283854166576,0.13935264756944551
person,0.5885286458333333,0.1846554904513892,0.025489908854166642,0.10791124131944511
person,0.3810677693684899,0.14259841579861132,0.028328165690104847,0.12335872395833374
person,0.3189054768880214,0.4403630642361114,0.037543212890626225,0.13679239004629687
person,0.31565779638290375,0.33543540219907436,0.0271847333908075,0.1031291956018524
person,0.4258346354564035,0.10299670862268547,0.01922656257947324,0.1156645688657402
person,0.45987040221691133,0.11103555410879684,0.02201228880882204,0.11407703993055665
person,0.5366624549229938,0.26397684959129175,0.028676065444946098,0.1401944399233199
person,0.5097429200013481,0.054692889178241215,0.01652164729436283,0.1059475549768528
person,0.05986299673716227,0.16360059031733762,0.02362817446390788,0.10878321188467521
person,0.1108474121093756,0.7232731119791667,0.045638509114584544,0.17049081307870378
person,0.19299424235026058,0.5143786530671288,0.03211698404947887,0.1412775607638873
person,0.2204599607785544,0.5344497951931432,0.039100260098775465,0.14654629177517292
person,0.22956276444594093,0.4957431640625011,0.02068802889188192,0.11171636284722443
person,0.24997650146484396,0.523771285445601,0.027659708658854528,0.12277766927083168
person,0.67262512310346,0.039064814814814955,0.02169555870692008,0.07812962962962991
person,0.6645589944322905,0.06775614844428135,0.012097155531247357,0.0678929392496738
person,0.8631477611462273,0.09482056568287119,0.023462270339329787,0.10124775752314977
person,0.5515220133463548,0.8823426649305555,0.0377006022135428,0.1775368923611111
person,0.9068236299355824,0.4896361762152787,0.03823059320449822,0.16354246238426107
person,0.054194986979167074,0.09475752314814903,0.02169319661458417,0.07904050925926101
person,0.7042030232747403,0.05222222222222357,0.024760620117188735,0.10444444444444714
person,0.4817812500000002,0.08334259273387844,0.021375000000000456,0.1129074076899761
