person,0.5732864278157557,0.6414993851273155,0.04091672770182401,0.17246419270833468
person,0.6153918755054479,0.8009459622701004,0.03847666279474803,0.17244205474853422
person,0.8588035990397138,0.7815482132523152,0.05118446858724006,0.1802369068287044
person,0.6251599117517467,0.3556051438649505,0.030368041276931143,0.11708601110952699
person,0.3753110046386726,0.4150066744486483,0.03303025309244939,0.15606333442970396
person,0.10836319986979191,0.918083369502315,0.05323193359375048,0.16296289062500016
person,0.40198853556315134,0.29894361255787133,0.02816876220703192,0.13314981192129818
person,0.845294199625651,0.6236108940972225,0.043588684082031294,0.16366710069444473
person,0.9875563049316406,0.32058373119213096,0.0248873901367188,0.1319436487268545
person,0.9443395497202869,0.33787151873553306,0.03846618847052182,0.14520140697338085
person,0.9297664286295576,0.2431690176504639,0.03634214274088628,0.13568048321759443
person,0.9049823743502307,0.14266362847222286,0.030506456057229177,0.1272282986111124
person,0.8822012032469109,0.09199811921296326,0.020610292236009423,0.10587413194444506
person,0.7304046213229503,0.09571167896412051,0.020069089651108978,0.12418775318287063
person,0.62782612101237,0.06793279803240812,0.023399841308594203,0.1148195891203718
person,0.6113841154774035,0.08754733615451524,0.02120963720480494,0.11205177589699343
person,0.4947651774088535,0.3494530526620377,0.033470377604165456,0.14000130208333453
person,0.5888680521647135,0.18600830078125033,0.025129496256510463,0.10798339843750068
person,0.38085925292968786,0.14081282552083343,0.028513346354167385,0.12357805266203725
person,0.31870251464843813,0.4424794379340281,0.03766788736979307,0.13648556857638947
person,0.3157521770993865,0.3370927010995374,0.027147054394085518,0.10374052372685247
person,0.4258803711136186,0.1027020580150466,0.019312174518903664,0.11561006221064754
person,0.4600216549634933,0.11070296223958394,0.02159612568219457,0.11416814959490863
person,0.536729969938596,0.26536805301242533,0.028895323991775138,0.1402824023211421
person,0.5102564901113513,0.053550148292824486,0.016449096759160932,0.10538118489583415
person,0.059931498567263285,0.16324470343413178,0.0236370042959849,0.10863241902104132
person,0.10995256551106829,0.7266873734085649,0.045584452311199085,0.16949562355324072
person,0.1930858662923179,0.5141354890046288,0.03204848225911426,0.1413815104166648
person,0.22045301292339967,0.5340191037213368,0.039142720182736804,0.14676896554452307
person,0.229677215556304,0.49543089916088084,0.02060443111260802,0.11178049045139128
person,0.24984949747721372,0.5234201795789922,0.0274927775065108,0.12278979492187317
person,0.6720443730751677,0.038398148148148216,0.021988322973252157,0.07679629629629643
person,0.6646492889324824,0.06772423832504787,0.011933994531631478,0.06746091877972536
person,0.8636705729961394,0.09530334924768594,0.023841186682383036,0.10150441261574222
person,0.5508528645833339,0.87787109375,0.037700602213542864,0.17925781250000006
person,0.9057457490762075,0.4872570529513898,0.03810608148574832,0.1650414496527797
person,0.05627540079752654,0.09284642650463058,0.0218137003580739,0.07691825810185375
person,0.7036248982747402,0.05222222222222357,0.025010620117188746,0.10444444444444714
person,0.4818020833333335,0.08458796303360622,0.021416666666667084,0.11321296310424664
