person,0.6199284361799559,0.9172301341869217,0.05183593730131738,0.1617434353298618
person,0.7521158838272101,0.7387255057582143,0.053606767654417804,0.16694066718772338
person,0.7877915068467464,0.531190410543371,0.04066683530807609,0.1509541356122049
person,0.6123357974489527,0.5106631573924313,0.037640039722124166,0.12811884950708477
person,0.3706850939989093,0.6521138057002313,0.039625294605889864,0.17285463686342542
person,0.050138271808624395,0.8306454943904173,0.05696563053131076,0.17022038692898267
person,0.41059059595620223,0.4668635665830768,0.0332339624563847,0.14372142650463088
person,0.7787035379144877,0.3842849794238687,0.03673614122249352,0.14521604938271682
person,0.9510823059082033,0.20556712856999276,0.03176767985026079,0.12043981269553705
person,0.900735539098581,0.21718062789351886,0.03137504955132755,0.12943504050925994
person,0.9164885373910275,0.12669708110667957,0.028758324782052112,0.09205066539622951
person,0.8885766603052621,0.07306681315104277,0.02805511504411792,0.11803304036458553
person,0.85218234483401,0.06725644614961421,0.023361678600311582,0.10328007256543212
person,0.7318327327072626,0.10837542321946912,0.018782449464002583,0.12240948359171601
person,0.6398066288034125,0.17119213174890666,0.0251007250547417,0.12789352275706953
person,0.6215566273033624,0.18952573546656806,0.023138991097610053,0.12317129876878426
person,0.4976068878173829,0.23665088582921961,0.030411224365234565,0.12632784949408538
person,0.580022515058517,0.09956085567121135,0.02202521403630489,0.09786483923594123
person,0.3847688331670229,0.27278911072530887,0.030243910908698504,0.13584153163580293
person,0.31325258895754854,0.32702630360921225,0.031932322283586244,0.12430723684805411
person,0.31099489953782833,0.23717443442639013,0.025045354631211877,0.08144883991759502
person,0.429361318002145,0.12677728702403868,0.025027669370175448,0.11720854540224335
person,0.4536615532835327,0.12208619506270799,0.021759752074878,0.1219201476485641
person,0.5305284881591797,0.1686126935040521,0.025948028564453315,0.12958016854745608
person,0.4796716911991441,0.13260457427413502,0.020038776278496564,0.1134945579811394
person,0.38988664600584255,0.04325617283950718,0.020634972784254538,0.08651234567901436
person,0.20624769654538933,0.06882655767747026,0.025273170868554948,0.10524811921296523
person,0.13198234634929204,0.08415201799369265,0.031845280806222974,0.11119851901207485
person,0.062010171651840744,0.17492732224641022,0.025648110230762692,0.10998955479374639
person,0.15036427736282354,0.5058029212480714,0.03944451067182766,0.15712715808256145
person,0.19387373278538386,0.5252439480063362,0.029133370518684386,0.13609794616699175
person,0.218510800480843,0.5470254883942781,0.03577587342262349,0.14859452424225986
person,0.23045413261652006,0.5069937013696741,0.026051738540331264,0.11007066373471862
person,0.2530592398246134,0.5347158022280093,0.026932281732560258,0.1226806640625
person,0.690405909220378,0.0514550928186492,0.01879755655924574,0.09253873019748358
person,0.6723375863134864,0.07983751699659632,0.013303427835304759,0.06562157623856298
person,0.836718749900659,0.06812703256253844,0.02007812480131766,0.09991147253248427
