person,0.572656351725261,0.6384790943287044,0.04072896321614697,0.17378255208333468
person,0.6136197908719386,0.8032873973140003,0.038072915077208336,0.17157407124837107
person,0.8604962158203127,0.7856485098379633,0.05161173502604204,0.17999927662037105
person,0.6253908280531562,0.3527777784842042,0.03057291587193731,0.1164814828943303
person,0.3753644816080737,0.4110662629869239,0.032916870117189016,0.15527778060347744
person,0.10894999186197936,0.9191333912037037,0.05262084960937538,0.1617332175925926
person,0.4015105183919275,0.2962494574652788,0.028124796549479924,0.13268627025463164
person,0.8465789794921875,0.6282868561921297,0.04382120768229167,0.16472258391203703
person,0.9882685343424479,0.3222055844907421,0.023462931315104168,0.1320703125000027
person,0.9451577717065808,0.34042453342013956,0.038597403764723974,0.14581759982639025
person,0.9300622558593754,0.24509295428240843,0.03664632161458409,0.13592520254629833
person,0.9054947914679853,0.1439360894097229,0.030468749602634185,0.12768337673611246
person,0.8828387453158693,0.09217610677083367,0.02046875039736354,0.1058329716435192
person,0.7304522705078133,0.09532335069444445,0.020137125651043183,0.12416811342592593
person,0.6277218627929689,0.06620352285879698,0.023410441080729545,0.11462999131944579
person,0.6112727874517446,0.08584174262152913,0.020878908236820357,0.11171531394676196
person,0.4948701985677076,0.3518046513310192,0.03369791666666515,0.14064995659722357
person,0.5892074584960938,0.18736111111111145,0.024769083658854166,0.10805555555555624
person,0.38065073649088577,0.13902723524305557,0.028698527018229922,0.12379738136574074
person,0.3184995524088549,0.4445958116319448,0.03779256184895985,0.13617874710648217
person,0.3158465578158693,0.33875000000000033,0.02710937539736354,0.10435185185185253
person,0.4259261067708337,0.10240740740740775,0.01939778645833409,0.11555555555555488
person,0.4601729077100752,0.11037037037037105,0.021179962555567044,0.11425925925926061
person,0.536797484954198,0.2667592564335589,0.029114582538604356,0.14037036471896433
person,0.5107700602213545,0.05240740740740775,0.01637654622395909,0.1048148148148155
person,0.0600000003973643,0.16288881655092594,0.02364583412806193,0.10848162615740742
person,0.10905771891276099,0.730101634837963,0.04553039550781364,0.16850043402777778
person,0.1931774902343752,0.5138923249421287,0.03197998046874962,0.14148546006944243
person,0.22044606506824493,0.5335884122495305,0.0391851802666982,0.14699163931387307
person,0.22979166666666703,0.4951186342592606,0.02052083333333409,0.11184461805555826
person,0.24972249348958353,0.5230690737123833,0.027325846354167044,0.12280192057291466
person,0.6714636230468756,0.037731481481481484,0.02228108723958447,0.07546296296296297
person,0.6647395834326744,0.0676923282058144,0.011770833532015482,0.06702889830977694
person,0.8641933848460516,0.09578613281250067,0.024220103025436403,0.10176106770833468
person,0.5501837158203131,0.8733995225694445,0.0377006022135428,0.1809787326388889
person,0.9046678682168324,0.48487792968750104,0.03798156976699829,0.16654043692129833
person,0.05835581461588599,0.09093532986111212,0.021934204101563638,0.07479600694444646
person,0.7030467732747402,0.05222222222222357,0.025260620117188635,0.10444444444444714
person,0.4818229166666668,0.08583333333333401,0.02145833333333371,0.11351851851851717
