person,0.572493275960287,0.6345374168113431,0.04091672770182389,0.17325849971064936
person,0.6110018609762197,0.8067674683464892,0.03907671999931234,0.17211385741057109
person,0.8616888325611751,0.7900062753182875,0.05103920483589199,0.1787281901041675
person,0.6251222327152886,0.35046752089041344,0.030193399349847876,0.11606496076230476
person,0.3755616455078132,0.4075328065377687,0.03269962565104306,0.15452958876998177
person,0.10927901204427105,0.9203722692418982,0.05273364257812544,0.1591675708912036
person,0.4013071187337243,0.2941740089699084,0.028010762532552864,0.13268901909722414
person,0.8480333762168882,0.6328804796006946,0.044392964998880895,0.16440570746527794
person,0.9882685343424479,0.3222055844907421,0.023462931315104168,0.1320703125000027
person,0.9459759936928746,0.3429775481047461,0.03872861905892613,0.14643379267939963
person,0.9302269591093066,0.2477590784143528,0.036688252528508984,0.13644480613426113
person,0.9056099174817409,0.1450465133101859,0.03050645605722906,0.12781438078703844
person,0.8833465076287585,0.09295442708333364,0.02086973237991252,0.10587413194444506
person,0.7304182931184776,0.09516281467013903,0.020041745742163285,0.12418775318287063
person,0.6274769287109379,0.06466435185185236,0.02313979085286538,0.11474537037037139
person,0.6108307300607368,0.08413632993345042,0.02120963720480494,0.11137885199653047
person,0.4948446248372389,0.35384152560763954,0.033571899414061274,0.1406688006365753
person,0.5891864522298177,0.18903204571759302,0.025129496256510463,0.10825072337963049
person,0.3806502617730038,0.1373025655864198,0.028560587565104947,0.12356153549382727
person,0.3185231018066414,0.44713339120370404,0.03837046305338697,0.13671469907407474
person,0.31579870623350115,0.3403837167245373,0.027356079459189726,0.10374052372685247
person,0.4259148220552342,0.10239293981481516,0.019369249145190597,0.11550424382715986
person,0.4601019111010762,0.110321686921297,0.021208596507707848,0.11435045331790264
person,0.5368667497237521,0.2681213805587216,0.028996764421462845,0.13992389537669758
person,0.5111368687947595,0.05186631944444476,0.01645022074381591,0.10373263888888952
person,0.05988999466101328,0.1626839033762614,0.023720012108484897,0.1086324190210413
person,0.10809486897786513,0.7354741572627316,0.04602901204427194,0.1692183521412039
person,0.19320061238606787,0.5137530020254621,0.03204848225911423,0.1413815104166648
person,0.2204392392834028,0.5333170818752719,0.0392276403506596,0.14689523145887473
person,0.2297059020797415,0.49480655020254766,0.020604431112607992,0.11190874565972485
person,0.2496564941406252,0.5228583396629042,0.027280761718750254,0.12253308557580843
person,0.6709437688191737,0.037435185185185245,0.022695795694988162,0.07487037037037049
person,0.6644537729620933,0.06766041808658109,0.011886712590853322,0.06659687783982883
person,0.8649557597041129,0.09667726417824135,0.024119893431663424,0.10212695312500122
person,0.5494658203125006,0.8679121093750001,0.03745458984375111,0.17978689236111137
person,0.9029197704792024,0.48221218532986204,0.038652040958404514,0.16640896267361313
person,0.060625895182292215,0.09159262876157502,0.022529459635417762,0.07683326099537227
person,0.70239052327474,0.05203240740740865,0.025406453450521956,0.1040648148148173
person,0.4821379801034929,0.08724537051165618,0.021546874920527453,0.11389814843071691
