person,0.572330200195313,0.630595739293982,0.04110449218750081,0.17273444733796411
person,0.6083839310805006,0.8102475393789782,0.04008052492141623,0.172653643572771
person,0.8628814493020376,0.7943640407986117,0.05046667464574206,0.1774571035879638
person,0.6248536373774208,0.3481572632966227,0.029813882827758438,0.11564843863027917
person,0.37575880940755274,0.40399935008861343,0.03248238118489706,0.1537813969364861
person,0.10960803222656276,0.9216111472800926,0.052846435546875535,0.1566019241898149
person,0.40110371907552117,0.2920985604745379,0.027896728515625746,0.13269176793981657
person,0.8494877729415893,0.6374741030092593,0.04496472231547,0.16408883101851873
person,0.9467942156791682,0.3455305627893527,0.03885983435312828,0.147049985532409
person,0.9303916623592379,0.2504252025462972,0.036730183442434,0.13696440972222398
person,0.9057250434954965,0.1461569372106489,0.03054416251182417,0.12794538483796442
person,0.8838542699416476,0.09373274739583361,0.02127071436246138,0.10591529224537093
person,0.730384315729142,0.09500227864583362,0.01994636583328351,0.12420739293981535
person,0.6272319946289069,0.06312518084490774,0.022869140625001214,0.11486074942129697
person,0.610388672669729,0.08243091724537172,0.021540366172789642,0.11104239004629898
person,0.4948190511067704,0.35587839988425984,0.03344588216145746,0.140687644675927
person,0.5891654459635416,0.19070298032407462,0.025489908854166642,0.10844589120370479
person,0.38064978705512187,0.13557789592978403,0.028422648111979913,0.12332568962191376
person,0.3185466512044279,0.44967097077546325,0.038948364257814026,0.1372506510416672
person,0.31575085465113306,0.3420174334490743,0.027602783521015972,0.1031291956018524
person,0.42590353733963465,0.10237847222222256,0.01934071183204716,0.11545293209876485
person,0.46003091449207717,0.11027300347222295,0.02123723045984877,0.11444164737654464
person,0.5369360144933065,0.26948350468388427,0.028878946304321335,0.13947742603443083
person,0.5115036773681645,0.05132523148148178,0.016523895263672726,0.10265046296296355
person,0.059779988924662276,0.16247899020159687,0.023794190088907877,0.10878321188467521
person,0.10713201904296928,0.7408466796875002,0.04652762858073022,0.16993627025462998
person,0.19322373453776057,0.5136136791087955,0.03211698404947884,0.1412775607638873
person,0.2204324134985607,0.5330457515010134,0.03927010043462094,0.14679882360387642
person,0.22962013749281596,0.4944944661458347,0.02068802889188189,0.1119728732638915
person,0.2495904947916669,0.5226476056134252,0.02723567708333349,0.12226425057870206
person,0.670423914591472,0.037138888888889006,0.023110504150391856,0.07427777777777801
person,0.6641679624915124,0.06762850796734778,0.01200259164969116,0.06616485736988074
person,0.8657181345621744,0.09756839554398203,0.024019683837890327,0.10249283854166776
person,0.5487479248046881,0.8624246961805558,0.03720857747395942,0.17859505208333384
person,0.9011716727415721,0.4795464409722233,0.039322512149810744,0.16627748842592796
person,0.06289597574869844,0.09224992766203792,0.02312471516927189,0.07887051504629806
person,0.7017342732747401,0.05184259259259374,0.025552286783855155,0.10368518518518748
person,0.48245304354031887,0.0886574076899783,0.02163541650772114,0.11427777834291664
