person,0.5721671244303389,0.6266540617766209,0.04129225667317797,0.17221039496527865
person,0.6057660011847817,0.813727610411467,0.04108432984352023,0.17319342973497112
person,0.8640740660429003,0.7987218062789355,0.04989414445559213,0.17618601707176013
person,0.6245850420395533,0.34584700570283194,0.02943436630566912,0.11523191649825366
person,0.37595597330729214,0.4004658936394581,0.03226513671875105,0.15303320510299032
person,0.10993705240885447,0.9228500253182871,0.0529592285156256,0.15403627748842588
person,0.40090031941731813,0.2900231119791675,0.027782694498698687,0.13269451678240904
person,0.85094216966629,0.6420677264178244,0.04553647963205935,0.16377195457175972
person,0.9476124376654621,0.34808357747395924,0.03899104964733032,0.14766617838541846
person,0.930556365609169,0.2530913266782415,0.036772114356358895,0.1374840133101868
person,0.9058401695092523,0.14726736111111188,0.03058186896641904,0.12807638888889047
person,0.8843620322545369,0.09451106770833356,0.02167169634501048,0.10595645254629676
person,0.7303503383398061,0.09484174262152818,0.01985098592440373,0.12422703269676008
person,0.6269870605468758,0.061586009837963133,0.022598490397137044,0.11497612847222256
person,0.6099466152787213,0.08072550455729302,0.021871095140774226,0.11070592809606752
person,0.49479347737630175,0.3579152741608801,0.033319864908853525,0.14070648871527872
person,0.5891444396972657,0.1923739149305562,0.02585032145182294,0.10864105902777905
person,0.3806493123372399,0.1338532262731483,0.028284708658854935,0.12308984375000029
person,0.31857020060221425,0.45220855034722246,0.039526265462241084,0.13778660300925977
person,0.3157030030687648,0.34365115017361136,0.027849487582842218,0.10251786747685233
person,0.42589225262403513,0.10236400462962997,0.019312174518903664,0.11540162037036983
person,0.45995991788307816,0.11022432002314889,0.021265864411989573,0.11453284143518667
person,0.5370052792628607,0.2708456288090469,0.028761128187179706,0.13903095669216414
person,0.5118704859415695,0.050784143518518794,0.016597569783529546,0.10156828703703759
person,0.05966998318831126,0.16227407702693233,0.02386836806933085,0.1089340047483091
person,0.10616916910807343,0.7462192021122688,0.04702624511718853,0.17065418836805588
person,0.19324685668945327,0.513474356192129,0.03218548583984351,0.14117361111110968
person,0.2204255877137186,0.5327744211267548,0.03931256051858233,0.14670241574887796
person,0.2295343729058904,0.4941823820891216,0.020771626671155848,0.112037000868058
person,0.24952449544270858,0.522436871563946,0.0271905924479167,0.12199541558159584
person,0.6699040603637701,0.036842592592592774,0.02352521260579555,0.07368518518518555
person,0.6638821520209314,0.06759659784811448,0.012118470708528879,0.06573283689993265
person,0.8664805094202357,0.0984595269097227,0.023919474244117465,0.10285872395833427
person,0.5480300292968754,0.8569372829861115,0.03696256510416766,0.1774032118055564
person,0.8994235750039419,0.4768806966145843,0.039992983341217085,0.16614601417824276
person,0.06516605631510468,0.0929072265625008,0.02371997070312603,0.08090776909722383
person,0.70107802327474,0.051652777777778824,0.025698120117188594,0.10330555555555765
person,0.48276810697714495,0.09006944486830049,0.021723958094914942,0.11465740825511637
