person,0.5720040486653649,0.6227123842592598,0.04148002115885489,0.17168634259259344
person,0.6031480712890628,0.8172076814439561,0.04208813476562412,0.17373321589717103
person,0.8652666827837627,0.8030795717592597,0.049321614265442196,0.17491493055555643
person,0.6243164467016856,0.3435367481090412,0.029054849783579684,0.11481539436622808
person,0.3761531372070317,0.3969324371903029,0.03204789225260504,0.15228501326949467
person,0.11026607259114618,0.9240889033564815,0.053072021484375696,0.15147063078703718
person,0.400696919759115,0.287947663483797,0.027668660481771568,0.13269726562500148
person,0.852396566390991,0.6466613498263891,0.046108236948648455,0.1634550781250005
person,0.9484306596517558,0.3506365921585658,0.039122264941532474,0.14828237123842783
person,0.9307210688591002,0.25575745081018597,0.03681404527028391,0.13800361689814963
person,0.9059552955230079,0.1483777850115749,0.03061957542101415,0.12820739293981645
person,0.884869794567426,0.09528938802083353,0.02207267832755934,0.10599761284722263
person,0.7303163609504705,0.09468120659722276,0.019755606015523952,0.1242466724537048
person,0.6267421264648447,0.06004683883101852,0.02232784016927288,0.11509150752314816
person,0.6095045578877135,0.07902009186921431,0.022201824108758927,0.11036946614583604
person,0.49476790364583323,0.3599521484375004,0.033193847656249706,0.14072533275463045
person,0.5891234334309896,0.1940448495370378,0.026210734049479118,0.10883622685185336
person,0.38064883761935797,0.13212855661651252,0.02814676920572996,0.12285399787808679
person,0.31859375000000073,0.45474612991898167,0.04010416666666815,0.13832255497685222
person,0.31565515148639667,0.34528486689814836,0.028096191644668464,0.10190653935185226
person,0.42588096790843566,0.10234953703703738,0.01928363720576017,0.11535030864197482
person,0.4598889212740791,0.11017563657407484,0.021294498364130495,0.11462403549382869
person,0.537074544032415,0.27220775293420957,0.028643310070038196,0.1385844873498974
person,0.5122372945149745,0.05024305555555581,0.016671244303386363,0.10048611111111162
person,0.059559977451960254,0.1620691638522678,0.02394254604975383,0.10908479761194301
person,0.10520631917317758,0.7515917245370374,0.047524861653646805,0.171372106481482
person,0.19326997884114594,0.5133350332754624,0.03225398763020812,0.1410696614583322
person,0.22041876192887647,0.5325030907524962,0.03935502060254367,0.14660600789387968
person,0.22944860831896485,0.4938702980324086,0.020855224450429748,0.11210112847222466
person,0.24945849609375026,0.522226137514467,0.027145507812499935,0.12172658058448947
person,0.6693842061360684,0.036546296296296535,0.023939921061199243,0.07309259259259307
person,0.6635963415503504,0.06756468772888116,0.012234349767366717,0.06530081642998456
person,0.8672428842782973,0.09935065827546337,0.02381926465034437,0.1032246093750008
person,0.547312133789063,0.8514498697916673,0.036716552734375976,0.17621137152777888
person,0.8976754772663116,0.47421495225694554,0.040663454532623315,0.1660145399305576
person,0.0674361368815109,0.0935645254629637,0.024315226236980153,0.08294502314814962
person,0.7004217732747402,0.05146296296296391,0.025843953450521793,0.10292592592592782
person,0.4830831704139709,0.09148148204662263,0.021812499682108626,0.11503703816731609
