person,0.5715148213704428,0.6108873517071762,0.04204331461588566,0.17011418547453752
person,0.5952942816019058,0.8276478945414226,0.04509954953193601,0.175352574383771
person,0.8688445330063501,0.8161528682002321,0.047604023694992156,0.17110167100694562
person,0.6235106606880828,0.33660597532766895,0.027916300217311372,0.11356582797015138
person,0.37674462890625027,0.3863320678428372,0.03139615885416713,0.1500404377690076
person,0.11125313313802129,0.9278055374710648,0.05341040039062592,0.14377369068287044
person,0.4000867207845056,0.28172131799768574,0.027326558430990328,0.13270551215277884
person,0.8567597565650935,0.6604422200520838,0.04782350889841602,0.16250444878472312
person,0.9508853256106371,0.3582956362123854,0.03951591082413894,0.15013094979745598
person,0.9312151786088939,0.2637558232060191,0.03693983801205872,0.13956242766203814
person,0.9063006735642749,0.1517090567129639,0.03073269478479901,0.1286004050925944
person,0.8863930815060937,0.09762434895833344,0.023275624275206158,0.10612109375000021
person,0.7302144287824637,0.09419959852430651,0.01946946628888438,0.12430559172453892
person,0.6260075785319017,0.058819715711805894,0.021515889485678487,0.11513834635416735
person,0.60817838571469,0.0739038538049782,0.023194011012712797,0.10936008029514158
person,0.4946911824544274,0.36606277126736136,0.03281579589843814,0.1407818648726856
person,0.5890604146321614,0.19905765335648254,0.02729197184244789,0.10942173032407618
person,0.3806474134657122,0.12695454764660527,0.02773295084635497,0.1221464602623463
person,0.3186643981933602,0.46235886863425935,0.041837870279949445,0.13993041087962982
person,0.31551159673929235,0.35018601707175934,0.02883630383014708,0.10007255497685205
person,0.42584711376163703,0.1023061342592596,0.019198025266329743,0.11519637345678975
person,0.4596759314470821,0.11002958622685269,0.021380400220553025,0.11489761766975475
person,0.5372823383410776,0.2762941253096976,0.028289855718613664,0.13724507932309715
person,0.5133377202351893,0.048619791666666856,0.01689226786295682,0.09723958333333371
person,0.059229960242907206,0.1614544243282742,0.024165079991022746,0.1095371762028447
person,0.10231776936849002,0.7677092918113431,0.049020711263021696,0.1735258608217603
person,0.193339345296224,0.5129170645254627,0.032459493001301944,0.14075781249999944
person,0.22039828457435012,0.5316890996297206,0.0394824008544278,0.14631678432888467
person,0.22919131455818822,0.4929340458622697,0.021106017788251445,0.1122935112847245
person,0.24926049804687533,0.5215939353660298,0.027010253906249587,0.12092007559317067
person,0.667824643452963,0.035657407407407825,0.02518404642741032,0.07131481481481565
person,0.6627389101386073,0.06746895737118123,0.012581986943880234,0.06400475502014026
person,0.8695300088524814,0.10202405237268539,0.023518635869025317,0.10432226562500041
person,0.5451584472656256,0.8349876302083343,0.035978515625000894,0.17263585069444629
person,0.892431184053421,0.4662177191840288,0.04267486810684199,0.16562011718750203
person,0.6353389485677085,0.9420136149724326,0.05065022786458352,0.1159722169240299
person,0.0742463785807296,0.09553642216435239,0.02610099283854253,0.08905678530092702
person,0.69845302327474,0.050893518518519164,0.026281453450521634,0.10178703703703833
person,0.48402836072444905,0.09571759358158909,0.022078124443689794,0.11617592790391529
