person,0.5713517456054689,0.6069456741898149,0.04223107910156282,0.16959013310185206
person,0.5926763517061869,0.8311279655739114,0.04610335445404002,0.17589236054597113
person,0.8700371497472128,0.8205106336805561,0.047031493504842224,0.16983058449074193
person,0.6232420653502152,0.3342957177338781,0.027536783695222056,0.1131493058381259
person,0.37694179280598966,0.3827986113936819,0.031178914388021124,0.14929224593551194
person,0.11158215332031299,0.9290444155092593,0.05352319335937598,0.14120804398148143
person,0.3998833211263025,0.2796458695023153,0.027212524414063268,0.13270826099537134
person,0.8582141532897942,0.6650358434606487,0.04839526621500537,0.1621875723379641
person,0.951703547596931,0.360848650896992,0.039647126118340974,0.1507471426504654
person,0.9313798818588251,0.2664219473379634,0.036981768925983614,0.14008203125000093
person,0.9064157995780305,0.15281948061342687,0.030770401239393882,0.12873140914352044
person,0.886900843818983,0.0984026692708334,0.023676606257755257,0.10616225405092605
person,0.7301804513931278,0.09403906250000107,0.019374086380004603,0.12432523148148365
person,0.6257627292209207,0.05841067467206835,0.02124523925781361,0.1151539592978404
person,0.6077363283236823,0.0721984411168995,0.02352473998069738,0.10902361834491012
person,0.49466560872395876,0.3680996455439816,0.03268977864583421,0.1408007089120373
person,0.5890394083658854,0.2007285879629641,0.02765238444010419,0.10961689814815043
person,0.38064693874783023,0.12522987798996948,0.02759501139322988,0.12191061439043284
person,0.31868794759114655,0.4648964482060186,0.0424157714843765,0.1404663628472224
person,0.3154637451569241,0.3518197337962964,0.029083007891973326,0.09946122685185199
person,0.4258358290460376,0.102291666666667,0.019169487953186307,0.11514506172839477
person,0.45960493483808307,0.10998090277777864,0.021409034172693946,0.11498881172839677
person,0.5373516031106318,0.27765624943486017,0.028172037601472036,0.1367986099808305
person,0.5137045288085943,0.04807870370370387,0.016965942382813636,0.09615740740740775
person,0.05911995450655619,0.1612495111536097,0.02423925797144572,0.10968796906647858
person,0.10135491943359416,0.7730818142361117,0.049519327799480005,0.1742437789351862
person,0.1933624674479167,0.5127777416087962,0.03252799479166661,0.14065386284722178
person,0.220391458789508,0.5314177692554619,0.039524860938389195,0.14622037647388622
person,0.22910554997126267,0.4926219618055566,0.021189615567525404,0.112357638888891
person,0.249194498697917,0.5213832013165507,0.026965169270832798,0.12065124059606444
person,0.6673047892252612,0.035361111111111586,0.025598754882814014,0.07072222222222317
person,0.6624530996680262,0.06743704725194793,0.012697866002717953,0.06357273455019215
person,0.8702923837105428,0.10291518373842606,0.02341842627525246,0.10468815104166694
person,0.5444405517578128,0.82950021701389,0.035732503255209144,0.17144401041666887
person,0.8906830863157909,0.4635519748263899,0.04334533929824834,0.16548864293981683
person,0.6354626464843752,0.9377772334769917,0.05089762369791705,0.12444444091231532
person,0.07651645914713584,0.09619372106481529,0.02669624837239667,0.09109403935185278
person,0.69779677327474,0.05070370370370424,0.026427286783855072,0.10140740740740849
person,0.4843434241612751,0.09712963075991125,0.022166666030883596,0.11655555781611501
