person,0.5711886698404949,0.6030039966724539,0.04241884358723974,0.16906608072916682
person,0.590058421810468,0.8346080366064005,0.0471071593761439,0.17643214670817103
person,0.8712297664880753,0.8248683991608803,0.046458963314692285,0.16855949797453826
person,0.6229734700123475,0.33198546014008745,0.027157267173132618,0.11273278370610029
person,0.3771389567057292,0.3792651549445266,0.030961669921875115,0.1485440541020162
person,0.1119111735026047,0.9302832935474538,0.05363598632812607,0.13864239728009273
person,0.39967992146809933,0.2775704210069448,0.02709849039713615,0.13271100983796377
person,0.8596685500144953,0.6696294668692135,0.048967023531594475,0.1618706958912049
person,0.9525217695832247,0.36340166558159853,0.039778341412543126,0.1513633355034748
person,0.9315445851087564,0.2690880714699078,0.03702369983990863,0.14060163483796378
person,0.9065309255917863,0.15392990451388988,0.030808107693988993,0.1288624131944464
person,0.8874086061318721,0.09918098958333336,0.024077588240304117,0.10620341435185192
person,0.7301464740037922,0.09387852647569565,0.019278706471124826,0.12434487123842836
person,0.6255178799099397,0.05800163363233081,0.02097458902994897,0.11516957224151347
person,0.6072942709326745,0.0704930284288208,0.023855468948682082,0.10868715639467863
person,0.49464003499349024,0.3701365198206019,0.03256376139323039,0.14081955295138904
person,0.5890184020996094,0.2023995225694457,0.02801279703776037,0.10981206597222475
person,0.3806464640299483,0.12350520833333377,0.0274570719401049,0.12167476851851934
person,0.31871149698893303,0.4674340277777778,0.042993672688803566,0.14100231481481484
person,0.315415893574556,0.3534534505208334,0.029329711953799572,0.09884989872685192
person,0.4258245443304381,0.10227719907407441,0.01914095064004281,0.11509374999999973
person,0.45953393822908406,0.10993221932870458,0.021437668124834747,0.11508000578703878
person,0.5374208678801862,0.27901837356002285,0.028054219484330525,0.1363521406385637
person,0.5140713373819993,0.04753761574074089,0.017039616902670456,0.09507523148148178
person,0.059009948770205184,0.16104459797894513,0.0243134359518687,0.1098387619301125
person,0.10039206949869832,0.7784543366608803,0.050017944335938286,0.17496169704861228
person,0.1933855895996094,0.5126384186921296,0.032596496582031224,0.14054991319444432
person,0.22038463300466588,0.5311464388812034,0.039567321022350534,0.1461239686188879
person,0.22901978538433715,0.49230987774884366,0.021273213346799304,0.11242176649305764
person,0.24912849934895867,0.5211724672670717,0.026920084635416033,0.12038240559895808
person,0.6664463297526045,0.035064814814815555,0.02533650716145909,0.07012962962963111
person,0.6621672891974453,0.06740513713271462,0.012813745061555791,0.06314071408024408
person,0.8710547585686044,0.10380631510416673,0.023318216681479362,0.10505403645833347
person,0.5437226562500004,0.8240128038194457,0.03548649088541745,0.17025217013889135
person,0.8889349885781606,0.46088623046875105,0.04401581048965456,0.16535716869213168
person,0.6355863444010419,0.9335408519815508,0.051145019531250564,0.13291666490060078
person,0.07878653971354206,0.09685101996527819,0.0272915039062508,0.09313129340277858
person,0.6971405232747401,0.05051388888888933,0.02657312011718827,0.10102777777777866
person,0.4846584875981011,0.0985416679382334,0.02225520761807728,0.11693518772831474
