person,0.5710255940755208,0.5990623191550927,0.04260660807291666,0.1685420283564815
person,0.5874404919147489,0.8380881076388893,0.04811096429824791,0.17697193287037105
person,0.8724223832289377,0.8292261646412044,0.045886433124542235,0.16728841145833467
person,0.6227048746744799,0.3296752025462966,0.02677775065104318,0.11231626157407475
person,0.37733612060546873,0.3757316984953714,0.030744425455729165,0.14779586226852054
person,0.1122401936848964,0.9315221715856482,0.05374877929687614,0.13607675057870372
person,0.39947652180989623,0.2754949725115744,0.02698445638020909,0.13271375868055624
person,0.861122946739196,0.6742230902777785,0.04953878084818371,0.1615538194444458
person,0.9533399915695184,0.3659546802662051,0.03990955670674528,0.15197952835648418
person,0.9317092883586876,0.2717541956018522,0.037065630753833526,0.1411212384259266
person,0.9066460516055419,0.15504032841435286,0.030845814148583863,0.1289934172453724
person,0.8879163684447614,0.09995930989583333,0.0244785702228531,0.10624457465277778
person,0.7301124966144565,0.09371799045139025,0.019183326562244928,0.12436451099537307
person,0.6252730305989587,0.05759259259259327,0.02070393880208409,0.11518518518518654
person,0.6068522135416666,0.06878761574074209,0.024186197916666666,0.10835069444444714
person,0.4946144612630216,0.3721733940972222,0.032437744140626515,0.14083839699074074
person,0.5889973958333333,0.20407045717592728,0.028373209635416667,0.110007233796299
person,0.38064598931206634,0.12178053867669797,0.027319132486979925,0.12143892264660584
person,0.3187350463867195,0.4699716073495371,0.04357157389323068,0.1415382667824074
person,0.3153680419921879,0.35508716724537037,0.02957641601562576,0.09823857060185186
person,0.42581325961483857,0.10226273148148182,0.019112413326899377,0.11504243827160474
person,0.45946294162008505,0.10988353587963054,0.02146630207697567,0.1151711998456808
person,0.5374901326497403,0.2803804976851855,0.027936401367189015,0.13590567129629696
person,0.5144381459554043,0.04699652777777791,0.017113291422527273,0.09399305555555582
person,0.058899943033854166,0.1608396848042806,0.024387613932291666,0.10998955479374639
person,0.09942921956380246,0.7838268590856489,0.05051656087239659,0.1756796151620384
person,0.1934087117513021,0.5124990957754629,0.03266499837239583,0.14044596354166666
person,0.22037780721982378,0.5308751085069447,0.039609781106311935,0.14602756076388956
person,0.2289340207974116,0.49199779369213065,0.0213568111260732,0.11248589409722425
person,0.24906250000000038,0.5209617332175926,0.026874999999999243,0.12011357060185186
person,0.6651712036132816,0.03476851851851953,0.02424092610677159,0.06953703703703906
person,0.6618814787268642,0.06737322701348132,0.012929624120393632,0.06270869361029596
person,0.8718171334266657,0.10469744646990742,0.023218007087706383,0.105419921875
person,0.5430047607421878,0.8185253906250014,0.035240478515625756,0.1690603298611138
person,0.8871868908405304,0.45822048611111216,0.04468628168106079,0.16522569444444646
person,0.6357100423177087,0.9293044704861098,0.05139241536458409,0.1413888888888862
person,0.0810566202799483,0.09750831886574109,0.027886759440104925,0.09516854745370439
person,0.6964842732747399,0.05032407407407441,0.026718953450521592,0.10064814814814882
person,0.4849735510349272,0.09995370511655556,0.022343749205271025,0.11731481764051448
