person,0.5708907063802082,0.5952152416087962,0.042419535319010396,0.16738433159722227
person,0.5861656877067354,0.8397802131558645,0.046915386915206504,0.17497661072530935
person,0.8738168992400169,0.8342907353153942,0.0464202161232631,0.16587223307291799
person,0.6227149709065763,0.3280784595630791,0.026653391520183808,0.11257456235532473
person,0.37718531799316407,0.3734746997974547,0.030686655680338563,0.14794874855324264
person,0.11278320312500056,0.9328419325086806,0.05370442708333446,0.1334811740451389
person,0.39913212076822957,0.2736649124710651,0.02714200846354243,0.13262387876157478
person,0.8628643407026919,0.6797982403790516,0.049576134204863107,0.1619961118344921
person,0.9544156802693997,0.3686459056712976,0.03990987209478902,0.152134114583336
person,0.9320892373522116,0.2737561487268522,0.037094022393225144,0.1411212384259266
person,0.906782261749108,0.15654609736689912,0.03091763222217452,0.12904669415509454
person,0.8887158374488361,0.10036031539351858,0.02451500823100261,0.10543995949074088
person,0.7300916633109256,0.09374505382114119,0.01922495259841206,0.12434072974876371
person,0.6247530237833663,0.05701099537037109,0.02070393880208409,0.11402199074074218
person,0.6065484738817402,0.06784036075367782,0.024186197916666666,0.10817527488426194
person,0.4945473683675137,0.37435836226851854,0.03259276326497543,0.14083839699074074
person,0.5891626993815104,0.20582468894676054,0.028373209635416667,0.11010062210648408
person,0.38064551459418444,0.12005586902006224,0.027181193033854887,0.12120307677469234
person,0.31829757690429766,0.4727316351996528,0.04357157389323068,0.1420089518229167
person,0.31527094523112015,0.35754258897569446,0.029640401204427864,0.09901819299768515
person,0.425801974899239,0.10224826388888923,0.01908387601375588,0.1149911265432097
person,0.459391945011086,0.10983485243055648,0.021494936029116472,0.11526239390432284
person,0.5371545359293627,0.28288729745370406,0.028029469807944213,0.13651244212963035
person,0.5148049545288093,0.046455439814814925,0.017186965942384093,0.09291087962962985
person,0.05882869466145834,0.16078651640150285,0.024436360677083345,0.1099895547937464
person,0.09841791788737017,0.789613091362848,0.05051656087239659,0.1769404839409735
person,0.19335133870442708,0.5124864366319445,0.03266499837239583,0.14044596354166666
person,0.22030613160133414,0.5309254647714123,0.039609781106311935,0.14610277416088036
person,0.22884069805343946,0.49193461552372786,0.02151450564463933,0.11264002821180755
person,0.2489983215332035,0.5209999819155093,0.02690439860025974,0.1201135706018519
person,0.664294942220052,0.034517596209491755,0.0240142822265625,0.06903519241898351
person,0.6616600838700933,0.06711560443595546,0.012929624120393632,0.06294377397607757
person,0.872304249942302,0.10544976128472222,0.023463053107260497,0.105419921875
person,0.5426582336425785,0.8132791160300938,0.03494394938151117,0.16764547164352092
person,0.8866176057656606,0.4549157443576399,0.04389146153132112,0.16416851128472418
person,0.6363429870605473,0.9252951027199062,0.05102235921224031,0.14579673032407167
person,0.08312425740559934,0.09741216362847252,0.028459818522136214,0.09523122829861172
person,0.6962212524414066,0.05032407407407441,0.026192911783855046,0.10064814814814882
person,0.4851871944467225,0.10140740839640398,0.02245833257834076,0.1176666686446559
