person,0.5704860432942709,0.5836740089699076,0.04185831705729169,0.16391124131944473
person,0.5823412750826944,0.8448565297067904,0.04332865476608217,0.16899064429012417
person,0.8780004472732545,0.8494844473379635,0.04802156511942558,0.16162369791666772
person,0.6227452596028653,0.3232882306134262,0.026280314127605682,0.1133494646990746
person,0.37673291015625016,0.36670370370370453,0.03051334635416693,0.14840740740740907
person,0.11441223144531307,0.9368012152777778,0.05357137044270947,0.12569444444444444
person,0.39809891764322947,0.2681747323495374,0.027614664713542323,0.13235423900463028
person,0.8680885225931797,0.6965236906828712,0.049688194274901086,0.16332298900463113
person,0.9576427463690436,0.3767195818865754,0.03991081825892025,0.15259787326389146
person,0.9332290843327835,0.2797620081018522,0.03717919731140048,0.1411212384259266
person,0.9071908921798065,0.16106340422453794,0.03113308644294648,0.12920652488426101
person,0.8911142444610602,0.10156333188657435,0.02462432225545091,0.10302611400463017
person,0.7300291634003322,0.09382624393039402,0.019349830706913332,0.12426938600893563
person,0.6231930033365889,0.055266203703704546,0.02070393880208409,0.11053240740740909
person,0.6056372549019607,0.064998595792485,0.024186197916666666,0.1076490162037064
person,0.49434608968099025,0.3809132667824074,0.03305782063802211,0.14083839699074074
person,0.5896586100260417,0.21108738425926044,0.028373209635416667,0.11038078703703934
person,0.3806440904405386,0.11488186005015495,0.0267673746744799,0.12049553915895186
person,0.316985168457032,0.4810117187500001,0.04357157389323068,0.1434210069444446
person,0.3149796549479171,0.3649088541666667,0.029832356770834068,0.10135706018518523
person,0.4257681207524405,0.10220486111111145,0.018998264074325456,0.11483719135802466
person,0.45917895518408897,0.10968880208333431,0.02158083788553912,0.11553597608024889
person,0.5361477457682298,0.2904076967592597,0.028308675130209574,0.13833275462963043
person,0.5159053802490241,0.04483217592592597,0.017407989501954546,0.08966435185185194
person,0.05861494954427087,0.1606270111931695,0.024582600911458415,0.10998955479374638
person,0.09538401285807328,0.806971788194445,0.05051656087239659,0.18072309027777886
person,0.19317921956380207,0.5124484592013889,0.03266499837239583,0.14044596354166666
person,0.2200911047458652,0.5310765335648154,0.039609781106311935,0.14632841435185281
person,0.22856072982152303,0.49174508101851944,0.021987589200337727,0.11310243055555745
person,0.24880578613281293,0.5211147280092593,0.0269925944010413,0.12011357060185181
person,0.6598902239118305,0.03376482928240842,0.019788004557292044,0.06752965856481684
person,0.6609958992997808,0.06634273670337784,0.012929624120393632,0.06364901507342235
person,0.8737655994892117,0.10770670572916667,0.02419819116592296,0.105419921875
person,0.5416186523437504,0.7975402922453713,0.034054361979167426,0.1634008969907424
person,0.8849097505410514,0.44500151909722296,0.041507001082102354,0.160996961805557
person,0.3723600106579917,0.9446051897321427,0.05262262083235244,0.11078931051587254
person,0.6382418212890627,0.9132669994212955,0.04991219075520874,0.159020254629628
person,0.08932716878255255,0.09712369791666688,0.030178995768230073,0.09541927083333375
person,0.6954321899414068,0.05032407407407441,0.024614786783855182,0.10064814814814882
person,0.48582812468210834,0.10576851823594922,0.0228020826975501,0.11872222165708014
person,0.018061713112725405,0.5688569528085214,0.03612342622545081,0.1652686413423514
