person,0.5702162679036458,0.575979853877315,0.04148417154947914,0.1615958478009263
person,0.579791666666667,0.8482407407407411,0.04093749999999924,0.16500000000000067
person,0.8807894792954127,0.8596135886863432,0.049089131116867316,0.1587913411458343
person,0.6227654520670581,0.320094744646991,0.026031595865886933,0.11386606626157456
person,0.3764313049316408,0.3621897063078711,0.030397806803385722,0.14871317997685324
person,0.1154982503255214,0.9394407371238427,0.05348266601562613,0.12050329137731482
person,0.39741011555989614,0.26451461226851886,0.027929768880209,0.13217447916666739
person,0.8715713105201716,0.7076739908854174,0.04976290098825989,0.16420757378472375
person,0.9597941237688061,0.3821020326967605,0.03991144903500773,0.15290704571759509
person,0.9339889823198315,0.2837659143518522,0.037235980590183716,0.1411212384259266
person,0.9074633124669389,0.16407494212963045,0.03127672259012779,0.12931307870370531
person,0.8927131824692098,0.10236534288194485,0.024697198271749935,0.10141688368055637
person,0.7299874967932702,0.0938803706698959,0.019433082779247594,0.12422182351571691
person,0.622152989705404,0.05410300925926019,0.02070393880208409,0.10820601851852038
person,0.6050297755821078,0.06310408581835647,0.024186197916666666,0.10729817708333603
person,0.4942119038899745,0.38528320312500003,0.033367858886719934,0.14083839699074074
person,0.5899892171223958,0.21459584780092697,0.028373209635416667,0.1105675636574095
person,0.3806431410047747,0.11143252073688344,0.02649149576822995,0.12002384741512492
person,0.31611022949218825,0.4865317744502316,0.04357157389323068,0.14436237702546317
person,0.3147854614257816,0.3698196976273148,0.02996032714843828,0.10291630497685181
person,0.4257455513212414,0.10217592592592627,0.018941189448038465,0.11473456790123461
person,0.45903696196609095,0.10959143518518623,0.021638105789820727,0.11571836419753294
person,0.5354765523274745,0.2954212962962967,0.02849481201171997,0.13954629629629717
person,0.5166389973958341,0.043750000000000004,0.017555338541668183,0.08750000000000001
person,0.05847245279947922,0.16052067438761394,0.024680094401041776,0.1099895547937464
person,0.09336140950520871,0.8185442527488431,0.05051656087239659,0.1832448278356491
person,0.1930644734700521,0.5124231409143519,0.03266499837239583,0.14044596354166666
person,0.21994775350888593,0.5311772460937505,0.039609781106311935,0.1464788411458344
person,0.22837408433357875,0.4916187246817139,0.02230297823746999,0.11341069878472404
person,0.24867742919921917,0.5211912254050927,0.027051391601562298,0.1201135706018519
person,0.6584941173735122,0.03326298466435287,0.020050455729167044,0.06652596932870573
person,0.660553109586239,0.06582749154832612,0.012929624120393632,0.06411917580498556
person,0.8747398325204846,0.1092113353587963,0.02468828320503119,0.105419921875
person,0.5409255981445316,0.7870477430555561,0.03346130371093826,0.1605711805555566
person,0.8837711803913118,0.43839203559027845,0.039917360782623014,0.1588825954861124
person,0.37154286617324467,0.9395049499834651,0.05425690980184648,0.12098916997354386
person,0.6395077107747398,0.9052482638888885,0.049172078450521184,0.16783593749999895
person,0.09346244303385465,0.09693138744212977,0.031325113932292654,0.09554463252314842
person,0.6949061482747402,0.05032407407407441,0.023562703450522093,0.10064814814814882
person,0.48625541150569895,0.10867592479564608,0.02303124944368958,0.11942592366536298
person,0.019218750000000756,0.5791205512152778,0.03843750000000151,0.17324037905092593
