person,0.5700813802083333,0.5721327763310188,0.04129709879557299,0.1604381510416672
person,0.5767443847656257,0.8634722222222233,0.04317789713541818,0.18620370370370573
person,0.8821839953064919,0.8646781593605328,0.04962291411558818,0.1573751627604176
person,0.6227755482991544,0.31849800166377334,0.025907236735027556,0.11412436704282454
person,0.3762805023193361,0.3599327076099544,0.030340037027995176,0.14886606626157542
person,0.11604125976562557,0.9407604980468751,0.05343831380208447,0.11790771484375011
person,0.3970657145182295,0.2626845522280096,0.02808732096354228,0.13208459924768584
person,0.8733127044836676,0.7132491409866907,0.04980025434493918,0.16464986617477018
person,0.9608698124686874,0.38479325810185305,0.039911764423051464,0.1530616319444469
person,0.9343689313133554,0.2857678674768522,0.03726437222957557,0.1411212384259266
person,0.907599522610505,0.1655807110821767,0.031348540663718436,0.1293663556134275
person,0.8935126514732845,0.1027663483796301,0.02473363627989933,0.10061226851851945
person,0.729966663489739,0.09390743403964684,0.019474708815414726,0.12419804226910756
person,0.6216329828898116,0.05352141203703801,0.02070393880208409,0.10704282407407602
person,0.6047260359221814,0.0621568308312922,0.024186197916666666,0.10712275752315084
person,0.4941448109944667,0.3874681712962963,0.03352287801106879,0.14083839699074074
person,0.590154520670573,0.21635007957176025,0.028373209635416667,0.11066095196759457
person,0.3806426662868927,0.10970785108024769,0.02635355631510491,0.11978800154321143
person,0.3156727600097664,0.4892918023003473,0.04357157389323068,0.1448330620659724
person,0.3146883646647139,0.3722751193576389,0.03002431233724033,0.10369592737268521
person,0.4257342666056419,0.10216145833333368,0.018912652134895028,0.1146832561728396
person,0.45896596535709194,0.10954275173611216,0.02166673974196165,0.11580955825617495
person,0.535140955607097,0.29792809606481524,0.028587880452475112,0.14015306712963052
person,0.0584012044270834,0.16046750598483617,0.024728841145833468,0.10998955479374639
person,0.09235010782877642,0.8243304850260422,0.05051656087239659,0.1845056966145842
person,0.1930071004231771,0.5124104817708334,0.03266499837239583,0.14044596354166666
person,0.2198760778903963,0.5312276023582182,0.039609781106311935,0.14655405454282525
person,0.2282807615896066,0.4915555465133111,0.022460672756036124,0.1135648328993074
person,0.2486132507324223,0.5212294741030092,0.027080790201822826,0.12011357060185186
person,0.6577960641043529,0.033012062355325084,0.020181681315104547,0.06602412471065017
person,0.6603317147294682,0.06556986897080024,0.012929624120393632,0.06435425617076716
person,0.8752269490361212,0.10996365017361112,0.02493332922458542,0.105419921875
person,0.5405790710449222,0.7818014684606486,0.03316477457682362,0.15915632233796373
person,0.8832018953164419,0.4350872938368061,0.039122540632883465,0.15782541232638997
person,0.37113429393087116,0.9369548301091262,0.05507405428659346,0.12608909970237936
person,0.6401406555175783,0.9012388961226848,0.04880202229817741,0.17224377893518442
person,0.09553008015950573,0.0968352322048612,0.03189817301432393,0.09560731336805575
person,0.6946431274414069,0.05032407407407441,0.023036661783855432,0.10064814814814882
person,0.48646905491749426,0.11012962807549448,0.023145832816759318,0.11977777466950439
person,0.020616319444445075,0.5827740403163582,0.04123263888889015,0.1719210551697533
