person,0.5699464925130208,0.5682856987847225,0.041110026041666595,0.1592804542824079
person,0.575817382733028,0.8701296296296305,0.045406900882721854,0.19025925925926096
person,0.8835785113175711,0.8697427300347227,0.05015669711430893,0.15595898437500078
person,0.6227856445312507,0.3169012586805558,0.025782877604168183,0.11438266782407445
person,0.37612969970703153,0.35767570891203765,0.030282267252604633,0.1490189525462975
person,0.11658426920572973,0.9420802589699073,0.0533939615885428,0.11531213831018508
person,0.39672131347656275,0.26085449218750034,0.028244873046875618,0.1319947193287044
person,0.8750540984471634,0.7188242910879638,0.04983760770161858,0.16509215856481638
person,0.9619455011685687,0.3874844835069457,0.03991207981109521,0.15321621817129874
person,0.9347488803068794,0.2877698206018522,0.03729276386896719,0.1411212384259266
person,0.9077357327540713,0.16708648003472296,0.03142035873730909,0.12941963252314964
person,0.8943121204773592,0.10316735387731536,0.02477007428804884,0.09980765335648258
person,0.7299458301862081,0.09393449740939777,0.019516334851581735,0.12417426102249818
person,0.6211129760742191,0.05293981481481583,0.02070393880208409,0.10587962962963166
person,0.604422296262255,0.06120957584422793,0.024186197916666666,0.10694733796296566
person,0.49407771809895884,0.3896531394675926,0.033677897135417766,0.14083839699074074
person,0.59031982421875,0.21810431134259356,0.028373209635416667,0.11075434027777968
person,0.38064219156901075,0.10798318142361193,0.026215616861979936,0.11955215567129793
person,0.3152352905273445,0.49205183015046317,0.04357157389323068,0.1453037471064818
person,0.3145912679036462,0.374730541087963,0.030088297526042435,0.1044755497685185
person,0.42572298189004243,0.10214699074074109,0.018884114821751532,0.11463194444444458
person,0.45889496874809294,0.10949406828703812,0.021695373694102453,0.11590075231481699
person,0.5348053588867193,0.3004348958333338,0.028680948893230192,0.14075983796296393
person,0.058329956054687576,0.1604143375820584,0.024777587890625147,0.10998955479374639
person,0.09133880615234413,0.8301167173032411,0.05051656087239659,0.18576656539351932
person,0.19294972737630206,0.5123978226273148,0.03266499837239583,0.14044596354166666
person,0.21980440227190665,0.5312779586226858,0.039609781106311935,0.146629267939816
person,0.22818743884563444,0.4914923683449083,0.022618367274602254,0.11371896701389059
person,0.24854907226562548,0.5212677228009259,0.027110188802083327,0.12011357060185186
person,0.6570980108351936,0.03276114004629731,0.020312906901042045,0.06552228009259461
person,0.6601103198726972,0.06531224639327439,0.012929624120393632,0.06458933653654875
person,0.8757140655517577,0.11071596498842592,0.025178375244139416,0.105419921875
person,0.540232543945313,0.776555193865741,0.03286824544270915,0.15774146412037096
person,0.8826326102415722,0.4317825520833338,0.0383277204831438,0.1567682291666676
person,0.3707257216884976,0.9344047102347874,0.055891198771340515,0.13118902943121488
person,0.6407736002604167,0.8972295283564813,0.04843196614583339,0.1766516203703698
person,0.09759771728515677,0.09673907696759267,0.03247123209635524,0.09566999421296311
person,0.6943801066080736,0.05032407407407441,0.02251062011718889,0.10064814814814882
person,0.48668269832928956,0.11158333135534292,0.023260416189829176,0.1201296256736458
person,0.022013888888889395,0.5864275294174385,0.04402777777777879,0.1706017312885807
