person,0.5698116048177084,0.5644386212384264,0.04092295328776044,0.15812275752314878
person,0.57489038070043,0.8767870370370376,0.04763590463002553,0.194314814814816
person,0.8849730273286504,0.8748073007089124,0.0506904801130298,0.15454280598958406
person,0.6227957407633471,0.31530451569733814,0.025658518473308807,0.11464096860532444
person,0.3759788970947268,0.3554187102141209,0.030224497477214087,0.14917183883101967
person,0.1171272786458339,0.9434000198929398,0.05334960937500114,0.11271656177662037
person,0.3963769124348961,0.2590244321469911,0.028402425130208898,0.13190483940972286
person,0.8767954924106593,0.724399441189237,0.04987496105829786,0.1655344509548628
person,0.96302118986845,0.39017570891203823,0.039912395199138945,0.15337080439815054
person,0.9351288293004034,0.2897717737268522,0.037321155508359044,0.1411212384259266
person,0.9078719428976374,0.16859224898726924,0.03149217681089975,0.1294729094328718
person,0.895111589481434,0.10356835937500061,0.024806512296198235,0.09900303819444566
person,0.7299249968826769,0.09396156077914872,0.019557960887748867,0.12415047977588882
person,0.6205929692586267,0.052358217592593646,0.02070393880208409,0.10471643518518729
person,0.6041185566023284,0.060262320857163654,0.024186197916666666,0.10677191840278048
person,0.49401062520345107,0.3918381076388889,0.033832916259766616,0.14083839699074074
person,0.5904851277669271,0.21985854311342684,0.028373209635416667,0.11084772858796475
person,0.3806417168511288,0.10625851176697616,0.02607767740885496,0.11931630979938443
person,0.3147978210449226,0.4948118580005789,0.04357157389323068,0.14577443214699104
person,0.3144941711425785,0.37718596281828703,0.030152282714844485,0.1052551721643519
person,0.42571169717444296,0.10213252314814848,0.01885557750860804,0.11458063271604957
person,0.45882397213909387,0.10944538483796407,0.021724007646243375,0.11599194637345898
person,0.5344697621663417,0.30294169560185236,0.02877401733398533,0.14136660879629728
person,0.05825870768229175,0.1603611691792806,0.024826334635416843,0.10998955479374638
person,0.09032750447591183,0.8359029495804402,0.05051656087239658,0.18702743417245446
person,0.19289235432942708,0.5123851634837964,0.03266499837239583,0.14044596354166666
person,0.219732726653417,0.5313283148871535,0.039609781106311935,0.14670448133680686
person,0.2280941161016623,0.4914291901765055,0.022776061793168385,0.11387310112847394
person,0.2484848937988286,0.5213059714988426,0.027139587402343856,0.12011357060185181
person,0.6563999575660344,0.03251021773726953,0.020444132486979544,0.06502043547453906
person,0.6598889250159263,0.0650546238157485,0.012929624120393632,0.06482441690233035
person,0.8762011820673943,0.11146827980324074,0.02542342126369365,0.105419921875
person,0.5398860168457035,0.7713089192708336,0.032571716308594505,0.15632660590277808
person,0.8820633251667025,0.4284778103298615,0.03753290033340425,0.15571104600694521
person,0.3703171494461241,0.9318545903604486,0.05670834325608751,0.13628895916005068
person,0.6414065450032552,0.8932201605902776,0.04806190999348961,0.18105946180555527
person,0.09966535441080786,0.09664292173032411,0.03304429117838651,0.09573267505787045
person,0.6941170857747403,0.05032407407407441,0.021984578450522225,0.10064814814814882
person,0.48689634174108487,0.11303703463519131,0.023374999562898915,0.12048147667778722
person,0.02341145833333371,0.5900810185185189,0.04682291666666742,0.16928240740740808
