person,0.6182228093345957,0.9094160970052094,0.05092448016007675,0.16977891710069648
person,0.7507226554552716,0.73929534594218,0.05227864424387576,0.16484033019454122
person,0.7895935960610709,0.5404209161687782,0.04185402154922523,0.15656611619172306
person,0.6131943663954734,0.506895432825442,0.03591988106568635,0.13084092352125432
person,0.37123544553915644,0.6473613823784722,0.039527877569197754,0.17726761429398133
person,0.051764841397603525,0.8320506200437197,0.0570093784332272,0.16763711971706877
person,0.4100195027059982,0.46188482590663643,0.03307231704393985,0.14598343460648258
person,0.7805303442478179,0.39016975308642016,0.03675540420744028,0.14546296296296388
person,0.9521010843912762,0.20559027742456618,0.03155303955078163,0.11798611040468654
person,0.9021841987967494,0.21867513020833435,0.031371978322664994,0.12626085069444648
person,0.9172149292627978,0.1299364287764926,0.028648608525592558,0.09028825830530002
person,0.8893347172439098,0.07633079246238553,0.027997539142767397,0.12094952618634512
person,0.8526545318762463,0.06734520656091221,0.024002504507700452,0.1039549168833985
person,0.7314356993138794,0.10776061340614611,0.019055684109529143,0.12202983502988479
person,0.6396849597096448,0.168020834039759,0.02504863035678966,0.12812500141285033
person,0.6211800951262316,0.18274314686104087,0.022854880193869557,0.11784722398828544
person,0.4969629160563154,0.23745266313906088,0.02982416788737036,0.12435393015543586
person,0.5801984771092731,0.10007145590252296,0.0220292377471921,0.09637229548560147
person,0.3850786521191947,0.269459434477881,0.03004658194382917,0.1372333944187249
person,0.31328905756274894,0.3304441452026367,0.031234385470548885,0.12604309364601418
person,0.31152955037576185,0.23969003245663717,0.025119285936708733,0.08149836159537313
person,0.42852015192310017,0.12537637774149618,0.022752278943856653,0.1171559311195644
person,0.4533434561292334,0.12115812019065576,0.02168792951107091,0.12230719813594113
person,0.5306099192301431,0.17102615921585734,0.02542017618815085,0.1294754593460665
person,0.48053872543573445,0.1279052303455505,0.019730201522510527,0.11067102926748687
person,0.3899933934211731,0.042175925925926935,0.020821340878804523,0.08435185185185387
person,0.20828048191688728,0.06679960776749075,0.025959111981920736,0.10551601080247122
person,0.13489662222509008,0.08112334820468835,0.031170649687448676,0.11129119229414977
person,0.06197214094797839,0.17428966310289173,0.025667426427204047,0.10998955479374639
person,0.14968712594774025,0.5120496559927986,0.04061344641226288,0.15816197273662497
person,0.19386277248462042,0.5244721592404719,0.029298624396324156,0.1361157433780626
person,0.21873984690507306,0.5461118599220558,0.035119464317958586,0.1485945242422598
person,0.23044131042559957,0.5061248842875163,0.0251665563980735,0.11024492193151406
person,0.2527913259267814,0.5341374602141205,0.02612871305147942,0.12268066406250006
person,0.6899648793538418,0.05071869009512503,0.019106699625652368,0.09266097683376857
person,0.6719944733480617,0.07934579559608834,0.012628920654454845,0.06591345172458409
person,0.8377604163686437,0.06857115692562528,0.018567707737286318,0.100336758295695
person,0.9807581583658854,0.6900023509837967,0.038483683268229166,0.17314344618055624
