person,0.5695418294270832,0.5567444661458336,0.04054880777994789,0.15580736400463036
person,0.5730363766352342,0.8901018518518521,0.05209391212463288,0.20242592592592626
person,0.8877620593508087,0.884936442057292,0.05175804611047153,0.15171044921875063
person,0.6228159332275398,0.312111029730903,0.025409800211590058,0.1151575701678244
person,0.37567729187011745,0.3509047128182875,0.03010895792643288,0.14947761140046384
person,0.11821329752604223,0.9460395417390047,0.0532609049479178,0.10752540870949075
person,0.39568811035156276,0.25536431206597254,0.02871752929687557,0.13172507957175997
person,0.8802782803376512,0.7355497413917832,0.04994966777165667,0.1664190357349554
person,0.9651725672682125,0.3955581597222234,0.039913025975226425,0.1536799768518542
person,0.9358887272874514,0.2937756799768522,0.03737793878714228,0.1411212384259266
person,0.9081443631847697,0.17160378689236175,0.03163581295808105,0.1295794632523161
person,0.8967105274895835,0.10437037037037111,0.02487938831249726,0.09739380787037186
person,0.7298833302756148,0.09401568751865061,0.01964121296008313,0.12410291728267012
person,0.6195529556274417,0.051195023148149284,0.02070393880208409,0.10239004629629857
person,0.6035110772824754,0.05836781088303511,0.024186197916666666,0.10642107928241011
person,0.4938764394124353,0.3962080439814815,0.03414295450846444,0.14083839699074074
person,0.5908157348632812,0.22336700665509338,0.028373209635416667,0.11103450520833491
person,0.38064076741536496,0.10280917245370465,0.025801798502604948,0.11884461805555745
person,0.3139228820800789,0.5003319137008103,0.04357157389323068,0.14671580222800965
person,0.3142999776204431,0.3820968062789352,0.030280253092448698,0.10681441695601848
person,0.42568912774324386,0.1021035879629633,0.018798502882321107,0.11447800925925955
person,0.45868197892109586,0.10934801793981597,0.0217812755505251,0.11617433449074305
person,0.5337985687255864,0.3079552951388894,0.02896015421549573,0.14258015046296402
person,0.0581162109375001,0.16025483237372506,0.024923828125000203,0.1099895547937464
person,0.08830490112304726,0.8474754141348383,0.050516560872396594,0.18954917173032468
person,0.19277760823567708,0.5123598451967593,0.03266499837239583,0.14044596354166666
person,0.21958937541643772,0.5314290274160887,0.039609781106311935,0.14685490813078844
person,0.22790747061371802,0.4913028338396999,0.023091450830300647,0.11418136935764055
person,0.24835653686523484,0.521382468894676,0.027198384602864854,0.1201135706018519
person,0.6557019042968751,0.032259295428241755,0.020575358072917046,0.06451859085648351
person,0.6594461353023847,0.06453937866069678,0.012929624120393632,0.06529457763389357
person,0.8771754150986671,0.11297290943287037,0.02591351330280188,0.105419921875
person,0.5396770731608077,0.7615909107349539,0.03210418701171947,0.15442928964120387
person,0.8803042207558951,0.4220895724826393,0.036738080183664576,0.1535986328125007
person,0.3700323027769725,0.926661114586723,0.05687710555394479,0.14667581713640881
person,0.6420394897460937,0.8838776041666668,0.04769185384114583,0.18670775462962994
person,0.10297199067615376,0.09607496796461659,0.03238935198102775,0.09597372065145464
person,0.6935077209472664,0.05032407407407441,0.021192891438803586,0.10064814814814882
person,0.4871880897482234,0.11553428494488815,0.023531249483425932,0.12073523655644042
person,0.024947967529297444,0.5922686089409724,0.046301981608074055,0.16749981915509293
