person,0.5694069417317709,0.5528973885995375,0.040361735026041734,0.15464966724537124
person,0.5721093746026364,0.8967592592592593,0.05432291587193655,0.2064814814814815
person,0.8891565753618879,0.8900010127314818,0.052291829109192396,0.1502942708333339
person,0.6228260294596362,0.31051428674768533,0.02528544108073068,0.11541587094907436
person,0.3755264892578128,0.34864771412037077,0.030051188151042338,0.14963049768518602
person,0.1187563069661464,0.9473593026620372,0.05321655273437614,0.10492983217592604
person,0.3953437093098961,0.2535342520254633,0.02887508138020885,0.13163519965277845
person,0.8820196743011471,0.7411248914930565,0.04998702112833596,0.16686132812500182
person,0.9662482559680938,0.39824938512731595,0.03991334136327017,0.153834563078706
person,0.9362686762809753,0.2957776331018522,0.03740633042653414,0.1411212384259266
person,0.9082805733283358,0.173109555844908,0.03170763103167171,0.12963274016203824
person,0.8975099964936583,0.10477137586805636,0.024915826320646654,0.09658919270833494
person,0.7298624969720837,0.09404275088840156,0.019682838996250257,0.12407913603606076
person,0.6190329488118493,0.05061342592592711,0.02070393880208409,0.10122685185185422
person,0.6032073376225491,0.05742055589597085,0.024186197916666666,0.10624565972222492
person,0.49380934651692754,0.3983930121527778,0.0342979736328133,0.14083839699074074
person,0.5909810384114583,0.22512123842592666,0.028373209635416667,0.11112789351852
person,0.380640292697483,0.10108450279706889,0.025663859049479973,0.11860877218364395
person,0.31348541259765705,0.5030919415509261,0.04357157389323068,0.14718648726851888
person,0.31420288085937537,0.38455222800925926,0.030344238281250744,0.10759403935185188
person,0.42567784302764433,0.10208912037037071,0.01876996556917761,0.1144266975308645
person,0.45861098231209685,0.1092993344907419,0.021809909502665904,0.11626552854938506
person,0.5334629720052088,0.31046209490740795,0.02905322265625087,0.14318692129629737
person,0.05804496256510428,0.16020166397094726,0.024972574869791896,0.10998955479374639
person,0.08729359944661495,0.8532616464120374,0.05051656087239659,0.19081004050925982
person,0.1927202351888021,0.5123471860532408,0.03266499837239583,0.14044596354166666
person,0.2195176997979481,0.5314793836805564,0.039609781106311935,0.1469301215277793
person,0.22781414786974588,0.4912396556712972,0.02324914534886678,0.11433550347222389
person,0.24829235839843797,0.5214207175925926,0.027227783203125383,0.12011357060185186
person,0.6557019042968751,0.032259295428241755,0.020575358072917046,0.06451859085648351
person,0.6592247404456139,0.06428175608317091,0.012929624120393632,0.06552965799967517
person,0.8776625316143037,0.11372522424768519,0.026158559322356112,0.105419921875
person,0.5398146565755212,0.7571191767939817,0.03193318684895914,0.15394683159722256
person,0.8791144014199577,0.41900607638888926,0.036738080183664576,0.1525434027777785
person,0.37015602835019445,0.924017758687336,0.05622872336705503,0.15196274538393134
person,0.6420394897460937,0.8785444155092594,0.04769185384114583,0.1879482060185189
person,0.10421098981584861,0.09560316943617764,0.03116135370163772,0.09615208540013151
person,0.6931613769531257,0.05032407407407441,0.020927246093751486,0.10064814814814882
person,0.48726619434356655,0.11657783197473656,0.023572916030883205,0.12063714543095219
person,0.02571622212727931,0.5933624041521992,0.046041514078777365,0.16660852502893536
