person,0.5692720540364583,0.5490503110532412,0.04017466227213534,0.153491970486112
person,0.571319580078125,0.8990740740740741,0.05267333984375,0.20185185185185187
person,0.890551091372967,0.8950655834056715,0.052825612107913145,0.1488780924479171
person,0.6228361256917325,0.30891754376446773,0.02516108194987131,0.1156741717303243
person,0.37537568664550824,0.3463907154224541,0.029993418375651792,0.1497833839699081
person,0.11929931640625056,0.9486790635850694,0.05317220052083447,0.10233425564236101
person,0.3949993082682294,0.25170419198495403,0.02903263346354219,0.131545319733797
person,0.8837610682646431,0.7467000415943296,0.050024374485015365,0.16730362051504802
person,0.9673239446679751,0.4009406105324086,0.039913656751313906,0.15398914930555782
person,0.9366486252744993,0.2977795862268522,0.03743472206592576,0.1411212384259266
person,0.908416783471902,0.1746153247974543,0.031779449105262356,0.12968601707176045
person,0.8983094654977328,0.10517238136574163,0.024952264328796166,0.09578457754629806
person,0.7298416636685527,0.09406981425815249,0.01972446503241727,0.12405535478945137
person,0.6185129419962568,0.05003182870370493,0.02070393880208409,0.10006365740740986
person,0.6029035979626226,0.056473300908906586,0.024186197916666666,0.10607024016203974
person,0.4937422536214196,0.4005779803240741,0.03445299275716227,0.14083839699074074
person,0.5911463419596354,0.22687547019675997,0.028373209635416667,0.1112212818287051
person,0.38063981797960106,0.09935983314043313,0.025525919596354876,0.11837292631173048
person,0.3130479431152351,0.5058519694010419,0.04357157389323068,0.14765717230902828
person,0.3141057840983077,0.38700764973958335,0.030408223470052852,0.10837366174768517
person,0.4256665583120449,0.10207465277777812,0.018741428256034177,0.11437538580246952
person,0.45853998570309784,0.10925065104166787,0.021838543454806826,0.11635672260802708
person,0.5331273752848311,0.31296889467592653,0.02914629109700595,0.14379369212963075
person,0.057973714192708456,0.16014849556816949,0.025021321614583578,0.10998955479374639
person,0.08628229777018268,0.8590478786892364,0.05051656087239659,0.19207090928819492
person,0.19266286214192707,0.5123345269097223,0.03266499837239583,0.14044596354166666
person,0.21944602417945844,0.531529739945024,0.039609781106311935,0.14700533492477005
person,0.22772082512577374,0.4911764775028943,0.023406839867432912,0.1144896375868071
person,0.24822817993164115,0.5214589662905093,0.027257181803385884,0.12011357060185186
person,0.6557019042968751,0.032259295428241755,0.020575358072917046,0.06451859085648351
person,0.6590033455888429,0.06402413350564505,0.012929624120393632,0.06576473836545675
person,0.8781496481299401,0.11447753906250001,0.026403605341910108,0.105419921875
person,0.5399522399902348,0.7526474428530096,0.031762186686198624,0.15346437355324144
person,0.87792458208402,0.4159225802951392,0.036738080183664576,0.15148817274305618
person,0.3702797539234163,0.9213744027879494,0.05558034118016527,0.15724967363145417
person,0.6420394897460937,0.8732112268518523,0.04769185384114583,0.18918865740740806
person,0.10544998895554347,0.09513137090773867,0.029933355422247666,0.09633045014880837
person,0.692815032958985,0.05032407407407441,0.02066160074869927,0.10064814814814882
person,0.4873442989389098,0.11762137900458501,0.023614582578340423,0.12053905430546401
person,0.026484476725261174,0.594456199363426,0.04578104654948068,0.1657172309027778
