person,0.569137166341146,0.545203233506945,0.03998758951822919,0.15233427372685282
person,0.568914998372396,0.9013888888888889,0.05196166992187538,0.19722222222222224
person,0.8919456073840463,0.9001301540798613,0.05335939510663401,0.1474619140625004
person,0.6228462219238289,0.30732080078125007,0.025036722819011932,0.11593247251157426
person,0.37522488403320353,0.34413371672453735,0.02993564860026125,0.14993627025463027
person,0.11984232584635474,0.9499988245081018,0.05312784830729281,0.0997386791087963
person,0.3946549072265627,0.2498741319444448,0.02919018554687547,0.13145543981481547
person,0.885502462228139,0.7522751916956029,0.050061727841694645,0.16774591290509444
person,0.9683996333678564,0.40363183593750107,0.03991397213935765,0.1541437355324096
person,0.9370285742680233,0.2997815393518522,0.037463113705317616,0.1411212384259266
person,0.9085529936154682,0.17612109375000057,0.03185126717885301,0.12973929398148257
person,0.8991089345018076,0.10557338686342688,0.02498870233694556,0.09497996238426115
person,0.7298208303650215,0.09409687762790343,0.0197660910685844,0.12403157354284203
person,0.6179929351806644,0.04945023148148275,0.02070393880208409,0.0989004629629655
person,0.6025998583026961,0.05552604592184231,0.024186197916666666,0.10589482060185455
person,0.49367516072591183,0.40276294849537037,0.03460801188151112,0.14083839699074074
person,0.5913116455078125,0.22862970196759327,0.028373209635416667,0.11131467013889018
person,0.3806393432617191,0.09763516348379739,0.0253879801432299,0.11813708043981698
person,0.31261047363281325,0.5086119972511577,0.04357157389323068,0.1481278573495375
person,0.31400868733723997,0.38946307146990744,0.030472208658854902,0.10915328414351856
person,0.42565527359644534,0.10206018518518553,0.01871289094289068,0.11432407407407447
person,0.45846898909409883,0.1092019675925938,0.021867177406947626,0.11644791666666908
person,0.5327917785644535,0.31547569444444507,0.02923935953776109,0.1444004629629641
person,0.05790246582031264,0.1600953271653917,0.02507006835937527,0.10998955479374638
person,0.08527099609375037,0.8648341109664355,0.05051656087239658,0.19333177806713014
person,0.19260548909505207,0.5123218677662037,0.03266499837239583,0.14044596354166666
person,0.2193743485609688,0.5315800962094916,0.039609781106311935,0.1470805483217609
person,0.2276275023818016,0.4911132993344915,0.023564534385999043,0.11464377170139044
person,0.24816400146484427,0.5214972149884259,0.027286580403646413,0.12011357060185181
person,0.6557019042968751,0.032259295428241755,0.020575358072917046,0.06451859085648351
person,0.658781950732072,0.06376651092811916,0.012929624120393632,0.06599981873123835
person,0.8786367646455768,0.11522985387731483,0.02664865136146434,0.105419921875
person,0.5400898234049483,0.7481757089120374,0.03159118652343829,0.1529819155092601
person,0.8767347627480825,0.4128390842013892,0.036738080183664576,0.15043294270833402
person,0.3704034794966382,0.9187310468885626,0.054931958993275506,0.1625366018789767
person,0.6420394897460937,0.8678780381944449,0.04769185384114583,0.19042910879629701
person,0.10668898809523834,0.09465957237929973,0.02870535714285764,0.09650881489748524
person,0.6924686889648444,0.05032407407407441,0.020395955403647175,0.10064814814814882
person,0.487422403534253,0.1186649260344334,0.023656249125797696,0.12044096317997578
person,0.02843818301246356,0.596993014219577,0.04752839587983783,0.16508804563492108
