person,0.5690022786458333,0.5413561559606487,0.03980051676432292,0.1511765769675936
person,0.5660462447160323,0.9037037037037038,0.05032165609873118,0.1925925925925926
person,0.8933401233951254,0.9051947247540512,0.05389317810535488,0.14604573567708368
person,0.6228563181559252,0.3057240577980325,0.024912363688152556,0.11619077329282425
person,0.3750740814208989,0.3418767180266206,0.029877878824870644,0.15008915653935237
person,0.1203853352864589,0.9513185854311343,0.05308349609375113,0.09714310257523148
person,0.39431050618489605,0.24804407190393554,0.029347737630208807,0.131365559895834
person,0.8872438561916349,0.7578503417968759,0.05009908119837405,0.16818820529514075
person,0.9694753220677377,0.4063230613425937,0.039914287527401386,0.15429832175926145
person,0.9374085232615473,0.3017834924768522,0.037491505344709235,0.1411212384259266
person,0.9086892037590343,0.1776268627025468,0.03192308525244367,0.12979257089120472
person,0.8999084035058824,0.10597439236111213,0.025025140345095072,0.09417534722222425
person,0.7297999970614906,0.09412394099765438,0.019807717104751533,0.12400779229623267
person,0.617472928365072,0.048868634259260565,0.02070393880208409,0.09773726851852113
person,0.6022961186427696,0.05457879093477804,0.024186197916666666,0.10571940104166937
person,0.49360806783040395,0.4049479166666667,0.034763031005860034,0.14083839699074074
person,0.5914769490559896,0.23038393373842653,0.028373209635416667,0.11140805844907525
person,0.38063886854383716,0.09591049382716162,0.025250040690104922,0.11790123456790348
person,0.3121730041503914,0.5113720251012734,0.04357157389323068,0.1485985423900468
person,0.31391159057617224,0.3919184932002315,0.030536193847657007,0.10993290653935185
person,0.4256439888808458,0.10204571759259293,0.018684353629747245,0.11427276234567948
person,0.4583979924850998,0.10915328414351977,0.021895811359088548,0.1165391107253111
person,0.5324561818440758,0.31798249421296354,0.029332427978516287,0.14500723379629749
person,0.057831217447916805,0.16004215876261393,0.025118815104166952,0.10998955479374639
person,0.08425969441731809,0.8706203432436345,0.05051656087239659,0.19459264684606517
person,0.1925481160481771,0.5123092086226853,0.03266499837239583,0.14044596354166666
person,0.21930267294247915,0.5316304524739592,0.039609781106311935,0.1471557617187517
person,0.22753417963782946,0.49105012116608876,0.023722228904565174,0.11479790581597374
person,0.2480998229980474,0.5215354636863426,0.027315979003906914,0.12011357060185186
person,0.6557019042968751,0.032259295428241755,0.020575358072917046,0.06451859085648351
person,0.6585605558753012,0.06350888835059332,0.012929624120393632,0.06623489909701995
person,0.8791238811612132,0.11598216869212963,0.026893697381018454,0.105419921875
person,0.5402274068196619,0.7437039749710653,0.03142018636067784,0.1524994574652788
person,0.875544943412145,0.40975558810763923,0.036738080183664576,0.1493777126736118
person,0.3705272050698601,0.9160876909891756,0.05428357680638574,0.16782353012649934
person,0.6420394897460937,0.8625448495370376,0.04769185384114583,0.19166956018518622
person,0.1079279872349332,0.09418777385086075,0.027477358863467582,0.0966871796461621
person,0.6921223449707038,0.05032407407407441,0.020130310058595075,0.10064814814814882
person,0.4875005081295962,0.11970847306428183,0.023697915673254973,0.12034287205448757
person,0.030391889299665936,0.5995298290757279,0.04927574521019497,0.16445886036706428
