person,0.5688673909505207,0.5375090784143524,0.039613444010416644,0.1500188802083344
person,0.5661416622002927,0.9060185185185186,0.04811665773391572,0.18796296296296297
person,0.8947346394062045,0.9102592954282409,0.054426961104075744,0.14462955729166696
person,0.6228664143880216,0.3041273148148149,0.024788004557293183,0.11644907407407422
person,0.37492327880859416,0.33961971932870394,0.02982010904948004,0.15024204282407444
person,0.12092834472656307,0.9526383463541668,0.053039143880209465,0.09454752604166668
person,0.3939661051432294,0.24621401186342626,0.029505289713542146,0.13127567997685255
person,0.8889852501551309,0.763425491898149,0.050136434555053455,0.16863049768518706
person,0.970551010767619,0.4090142867476863,0.03991460291544513,0.15445290798611333
person,0.9377884722550713,0.3037854456018522,0.03751989698410085,0.1411212384259266
person,0.9088254139026004,0.17913263165509305,0.031994903326034316,0.12984584780092687
person,0.9007078725099571,0.10637539785879738,0.025061578353244584,0.09337073206018734
person,0.7297791637579595,0.09415100436740532,0.019849343140918664,0.12398401104962331
person,0.6169529215494796,0.048287037037038384,0.02070393880208409,0.09657407407407677
person,0.6019923789828431,0.05363153594771377,0.024186197916666666,0.1055439814814842
person,0.49354097493489607,0.407132884837963,0.034918050130208954,0.14083839699074074
person,0.5916422526041667,0.23213816550925978,0.028373209635416667,0.11150144675926034
person,0.38063839382595527,0.09418582417052586,0.02511210123697989,0.11766538869598998
person,0.3117355346679695,0.5141320529513892,0.04357157389323068,0.1490692274305561
person,0.3138144938151045,0.39437391493055557,0.030600179036459115,0.11071252893518514
person,0.4256327041652463,0.10203125000000034,0.01865581631660375,0.11422145061728445
person,0.45832699587610076,0.1091046006944457,0.021924445311229352,0.11663030478395314
person,0.5321205851236982,0.32048929398148207,0.029425496419271488,0.14561400462963084
person,0.05775996907552098,0.15998899035983616,0.02516756184895863,0.1099895547937464
person,0.0832483927408858,0.8764065755208335,0.050516560872396594,0.19585351562500017
person,0.1924907430013021,0.5122965494791667,0.03266499837239583,0.14044596354166666
person,0.21923099732398954,0.5316808087384267,0.039609781106311935,0.14723097511574249
person,0.22744085689385732,0.49098694299768597,0.023879923423131305,0.11495203993055704
person,0.24803564453125052,0.5215737123842593,0.02734537760416741,0.1201135706018519
person,0.6557019042968751,0.032259295428241755,0.020575358072917046,0.06451859085648351
person,0.6583391610185303,0.06325126577306746,0.012929624120393632,0.06646997946280156
person,0.8796109976768496,0.11673448350694444,0.027138743400572568,0.105419921875
person,0.5403649902343753,0.7392322410300932,0.03124918619791739,0.15201699942129748
person,0.8743551240762074,0.40667209201388926,0.036738080183664576,0.14832248263888956
person,0.370650930643082,0.9134443350897887,0.05363519461949598,0.17311045837402197
person,0.6420394897460937,0.8572116608796303,0.04769185384114583,0.1929100115740754
person,0.10916698637462806,0.0937159753224218,0.02624936058407754,0.09686554439483898
person,0.6917760009765632,0.05032407407407441,0.01986466471354298,0.10064814814814882
person,0.48757861272493946,0.12075202009413023,0.02373958222071225,0.12024478092899935
person,0.032345595586868316,0.6020666439318789,0.05102309454055211,0.1638296750992076
