person,0.5687325032552084,0.5336620008680562,0.03942637125651049,0.14886118344907523
person,0.5622399902343753,0.9083333333333333,0.04260335286458409,0.18333333333333335
person,0.8961291554172837,0.9153238661024307,0.05496074410279661,0.14321337890625024
person,0.622876510620118,0.30253057183159726,0.024663645426433806,0.1167073748553242
person,0.3747724761962895,0.3373627206307872,0.029762339274089496,0.15039492910879662
person,0.12147135416666724,0.9539581072771992,0.052994791666667804,0.09195194950810195
person,0.3936217041015627,0.24438395182291703,0.029662841796875422,0.13118580005787103
person,0.8907266441186268,0.7690006419994223,0.05017378791173274,0.16907279007523346
person,0.9716266994675002,0.41170551215277884,0.03991491830348887,0.1546074942129651
person,0.9381684212485952,0.3057873987268522,0.03754828862349271,0.1411212384259266
person,0.9089616240461665,0.1806384006076393,0.03206672139962497,0.129899124710649
person,0.9015073415140319,0.10677640335648263,0.025098016361393978,0.09256611689815043
person,0.7297583304544284,0.09417806773715627,0.019890969177085792,0.12396022980301395
person,0.6016886393229166,0.0526842809606495,0.024186197916666666,0.105368561921299
person,0.4934738820393883,0.4093178530092593,0.035073069254557804,0.1408383969907408
person,0.5918075561523437,0.23389239728009306,0.028373209635416667,0.11159483506944541
person,0.3806379191080733,0.0924611545138901,0.024974161783854913,0.11742954282407651
person,0.31129806518554765,0.5168920808015048,0.04357157389323068,0.14953991247106535
person,0.3137173970540368,0.39682933666087966,0.03066416422526116,0.11149215133101854
person,0.4256214194496468,0.10201678240740775,0.018627279003460253,0.11417013888888944
person,0.45825599926710175,0.10905591724537166,0.021953079263370274,0.11672149884259515
person,0.5317849884033206,0.3229960937500006,0.029518564860026627,0.14622077546296422
person,0.05768872070312516,0.15993582195705838,0.025216308593750323,0.10998955479374639
person,0.0822370910644535,0.8821928077980326,0.05051656087239659,0.1971143844039354
person,0.19243336995442709,0.5122838903356481,0.03266499837239583,0.14044596354166666
person,0.2191593217054999,0.5317311650028945,0.039609781106311935,0.1473061885127333
person,0.22734753414988518,0.4909237648292832,0.02403761794169744,0.1151061740451404
person,0.24797146606445364,0.5216119610821759,0.02737477620442794,0.12011357060185186
person,0.6557019042968751,0.032259295428241755,0.020575358072917046,0.06451859085648351
person,0.6581177661617594,0.06299364319554157,0.012929624120393632,0.06670505982858316
person,0.8800981141924863,0.11748679832175926,0.027383789420126804,0.105419921875
person,0.5405025736490889,0.7347605070891211,0.031078186035157055,0.15153454137731615
person,0.87316530474027,0.4035885959201393,0.036738080183664576,0.1472672526041674
person,0.3707746562163039,0.9108009791904018,0.052986812432606216,0.17839738662154447
person,0.6420394897460937,0.8518784722222229,0.04769185384114583,0.19415046296296434
person,0.11040598551432292,0.09324417679398284,0.0250213623046875,0.09704390914351582
person,0.6914296569824224,0.05032407407407441,0.019599019368490882,0.10064814814814882
person,0.48765671732028265,0.12179556712397865,0.023781248768169522,0.12014668980351112
person,0.0342993018740707,0.6046034587880298,0.052770443870909255,0.1632004898313507
