person,0.5685976155598957,0.5298149233217598,0.039239298502604096,0.14770348668981603
person,0.5608594767252612,0.9106481481481482,0.04213521321614735,0.1787037037037037
person,0.8975236714283629,0.9203884367766205,0.05549452710151736,0.14179720052083344
person,0.6228866068522143,0.30093382884837966,0.024539286295574433,0.11696567563657412
person,0.3746216735839849,0.33510572193287047,0.02970456949869895,0.15054781539351872
person,0.1220143636067714,0.9552778682002314,0.052950439453126136,0.08935637297453694
person,0.393277303059896,0.24255389178240774,0.02982039388020876,0.13109592013888957
person,0.8924680380821227,0.7745757921006954,0.05021114126841214,0.1695150824652797
person,0.9727023881673815,0.41439673755787143,0.03991523369153261,0.1547620804398169
person,0.9385483702421192,0.3077893518518522,0.03757668026288433,0.1411212384259266
person,0.9090978341897329,0.18214416956018561,0.03213853947321563,0.12995240162037122
person,0.9023068105181066,0.10717740885416789,0.02513445436954349,0.09176150173611355
person,0.7297374971508973,0.0942051311069072,0.019932595213252805,0.12393644855640458
person,0.6011353992280506,0.05186430431547744,0.024186197916666666,0.10372860863095489
person,0.4934067891438804,0.41150282118055553,0.03522808837890678,0.1408383969907407
person,0.5919728597005208,0.2356466290509264,0.028373209635416667,0.11168822337963052
person,0.38063744439019137,0.09073648485725434,0.024836222330729935,0.117193696952163
person,0.31086059570312574,0.5196521086516207,0.04357157389323068,0.15001059751157475
person,0.31362030029296917,0.3992847583912037,0.03072814941406327,0.11227177372685183
person,0.4256101347340473,0.10200231481481516,0.01859874169031676,0.11411882716049442
person,0.45818500265810275,0.1090072337962976,0.021981713215511078,0.11681269290123719
person,0.5314493916829429,0.3255028935185192,0.029611633300781707,0.14682754629629757
person,0.057617472330729336,0.1598826535542806,0.025265055338542005,0.10998955479374639
person,0.08122578938802122,0.8879790400752315,0.05051656087239659,0.19837525318287053
person,0.19237599690755208,0.5122712311921297,0.03266499837239583,0.14044596354166666
person,0.21908764608701023,0.531781521267362,0.039609781106311935,0.1473814019097241
person,0.22725421140591304,0.49086058666088034,0.02419531246026357,0.11526030815972359
person,0.24790728759765682,0.5216502097800927,0.02740417480468844,0.12011357060185186
person,0.6557019042968751,0.032259295428241755,0.020575358072917046,0.06451859085648351
person,0.6578963713049885,0.0627360206180157,0.012929624120393632,0.06694014019436474
person,0.8805852307081227,0.11823911313657408,0.0276288354396808,0.105419921875
person,0.5406401570638024,0.730288773148149,0.030907185872396544,0.15105208333333503
person,0.8719754854043323,0.40050509982638927,0.036738080183664576,0.14621202256944513
person,0.3708983817895258,0.9081576232910152,0.05233843024571646,0.18368431486906733
person,0.6420394897460937,0.8465452835648157,0.04769185384114583,0.19539091435185352
person,0.11369140625000018,0.09307008342978486,0.02788669162326428,0.09662772472993648
person,0.6910833129882819,0.05032407407407441,0.019333374023438665,0.10064814814814882
person,0.4877348219156259,0.1228391141538271,0.02382291531562674,0.12004859867802294
person,0.03625300816127308,0.6071402736441809,0.054517793201266394,0.16257130456349397
