person,0.5684627278645834,0.5259678457754637,0.03905222574869794,0.14654578993055686
person,0.5591927083333341,0.912962962962963,0.04234375000000151,0.17407407407407408
person,0.8989181874394421,0.9254530074508102,0.056028310100238225,0.14038102213541673
person,0.6228967030843106,0.29933708586516206,0.024414927164715057,0.1172239764178241
person,0.37447087097168025,0.3328487232349538,0.029646799723308408,0.1507007016782409
person,0.12255737304687557,0.9565976291232638,0.052906087239584475,0.08676079644097223
person,0.39293290201822934,0.24072383174189851,0.02997794596354204,0.13100604021990805
person,0.8942094320456186,0.7801509422019687,0.05024849462509143,0.16995737485532608
person,0.9737780768672628,0.41708796296296397,0.039915549079576354,0.15491666666666867
person,0.9389283192356432,0.3097913049768522,0.03760507190227618,0.1411212384259266
person,0.909234044333299,0.18364993851273187,0.032210357546806276,0.13000567853009334
person,0.9031062795221813,0.10757841435185314,0.025170892377692884,0.09095688657407663
person,0.7297166638473662,0.09423219447665815,0.019974221249419936,0.12391266730979522
person,0.6005821591331845,0.05104432767030539,0.024186197916666666,0.10208865534061078
person,0.49333969624837265,0.41368778935185185,0.03538310750325563,0.14083839699074074
person,0.592138163248698,0.23740086082175968,0.028373209635416667,0.1117816116898156
person,0.3806369696723094,0.0890118152006186,0.0246982828776049,0.11695785108024952
person,0.3104231262207039,0.5224121365017365,0.04357157389323068,0.15048128255208398
person,0.31352320353190144,0.4017401801215278,0.030792134602865315,0.11305139612268524
person,0.42559885001844777,0.10198784722222257,0.018570204377173324,0.1140675154320994
person,0.45811400604910374,0.10895855034722354,0.022010347167652,0.11690388695987919
person,0.5311137949625653,0.3280096932870377,0.029704701741536846,0.14743431712963095
person,0.05754622395833352,0.1598294851515028,0.025313802083333697,0.10998955479374638
person,0.08021448771158891,0.8937652723524308,0.05051656087239658,0.19963612196180575
person,0.19231862386067708,0.5122585720486111,0.03266499837239583,0.14044596354166666
person,0.2190159704685206,0.5318318775318298,0.039609781106311935,0.14745661530671494
person,0.2271608886619409,0.49079740849247755,0.0243530069788297,0.11541444227430694
person,0.24784310913085994,0.5216884584780093,0.02743357340494897,0.12011357060185181
person,0.6557019042968751,0.032259295428241755,0.020575358072917046,0.06451859085648351
person,0.6576749764482177,0.06247839804048983,0.012929624120393632,0.06717522056014634
person,0.8810723472237593,0.1189914279513889,0.02787388145923503,0.105419921875
person,0.540777740478516,0.7258170392071769,0.03073618570963621,0.15056962528935372
person,0.8707856660683948,0.39742160373263924,0.036738080183664576,0.1451567925347229
person,0.3710221073627477,0.9055142673916283,0.051690048058826696,0.18897124311658983
person,0.6420394897460937,0.8412120949074083,0.04769185384114583,0.19663136574074258
person,0.11697682698567746,0.09289599006558687,0.030752020941841027,0.09621154031635713
person,0.6907369689941412,0.05032407407407441,0.019067728678386568,0.10064814814814882
person,0.4878129265109691,0.12388266118367552,0.023864581863084013,0.11995050755253471
person,0.038206714448475454,0.6096770885003319,0.056265142531623534,0.16194211929563718
